GISDATA/EGG97_QGRJ_SfASCII.grd
DSAA
320 160
    19.93062199999999960     30.56394470000000040
    43.39235730000000050     48.69235199999999960
27.01600 46.26400
[rows 28 to 55 of 160, columns 0 to 62 of 320]
44.68200 44.68200 44.68200 44.64700 44.61100 44.57400 44.53700 44.50400 44.48000 44.46700 44.45700 44.44600 44.43300 44.41500 44.39500 44.37600 44.35900 44.34100 44.32400 44.30800 44.28700 44.26700 44.24900 44.22900 44.21200 44.19300 44.17300 44.15500 44.14000 44.12400 44.10800 44.08300 44.05200 44.01500 43.98400 43.96600 43.97500 44.00200 44.04200 44.08200 44.10500 44.12100 44.13200 44.13700 44.15300 44.18800 44.23800 44.29700 44.34600 44.39700 44.44500 44.49000 44.52200 44.54700 44.57600 44.58500 44.58100 44.57300 44.53500 44.50300 44.44200 44.36300 44.28500
44.60300 44.60300 44.60300 44.56900 44.53200 44.49700 44.46100 44.43200 44.41500 44.40400 44.40000 44.39400 44.38000 44.36300 44.34000 44.32400 44.30400 44.29200 44.27800 44.26000 44.23800 44.21900 44.19600 44.17300 44.15000 44.12800 44.10800 44.09200 44.08000 44.07400 44.06500 44.05300 44.03100 44.00800 43.98500 43.97200 43.97300 43.99200 44.02300 44.05700 44.07900 44.09200 44.10000 44.10500 44.12400 44.15900 44.21100 44.27000 44.32800 44.38600 44.43400 44.46100 44.50600 44.52300 44.53200 44.53000 44.51200 44.48000 44.46200 44.41900 44.36900 44.31400 44.25900
44.51100 44.51100 44.51100 44.47800 44.44200 44.40500 44.37300 44.34800 44.33300 44.32700 44.32400 44.31600 44.30600 44.28400 44.26400 44.25200 44.23900 44.23800 44.23400 44.22600 44.21200 44.19000 44.16300 44.13500 44.11100 44.08400 44.06300 44.04700 44.03400 44.02900 44.02600 44.02200 44.01300 44.00300 43.98800 43.97900 43.98000 43.99100 44.01100 44.03500 44.05800 44.07800 44.09000 44.10600 44.13300 44.17000 44.22300 44.27500 44.32500 44.36500 44.40400 44.42700 44.43700 44.44000 44.42700 44.40900 44.39700 44.38400 44.37000 44.36400 44.34700 44.30700 44.26000
44.41400 44.41400 44.41400 44.38200 44.34700 44.31300 44.28200 44.25700 44.24200 44.23500 44.22700 44.21600 44.20200 44.19000 44.17900 44.17600 44.18200 44.19500 44.20600 44.20800 44.19700 44.17700 44.14900 44.11600 44.08600 44.05900 44.03500 44.01900 44.00400 43.99200 43.98700 43.98700 43.98800 43.98400 43.98000 43.97700 43.97500 43.98100 43.99200 44.01100 44.03100 44.05500 44.08300 44.11000 44.14700 44.18800 44.23500 44.27600 44.31000 44.33000 44.33400 44.33500 44.32100 44.30600 44.29400 44.28400 44.28900 44.30700 44.33400 44.34000 44.33800 44.30400 44.26100
44.33000 44.33000 44.33000 44.29600 44.26400 44.23400 44.20300 44.17700 44.15900 44.14500 44.13300 44.12100 44.11200 44.10500 44.10700 44.12100 44.14400 44.17500 44.19500 44.19700 44.19200 44.17200 44.13900 44.10400 44.07100 44.04600 44.02100 43.99800 43.97700 43.96000 43.95000 43.94500 43.94400 43.94800 43.95200 43.95300 43.95500 43.95900 43.96600 43.98200 44.00000 44.03300 44.06700 44.10400 44.14100 44.18300 44.22300 44.25100 44.26600 44.27100 44.26200 44.24400 44.22000 44.20300 44.19800 44.21000 44.23900 44.28500 44.33000 44.36100 44.35000 44.31200 44.24300
44.26500 44.26500 44.26500 44.23200 44.20100 44.17000 44.14100 44.11400 44.09300 44.07500 44.06400 44.05600 44.05500 44.06200 44.07800 44.10700 44.13900 44.16900 44.18900 44.19500 44.18100 44.15500 44.11900 44.07500 44.04500 44.01900 43.99500 43.97500 43.95300 43.92900 43.91000 43.89900 43.89600 43.89700 43.90500 43.91200 43.91700 43.92300 43.93200 43.94900 43.97200 44.00600 44.04300 44.08000 44.11700 44.15100 44.18100 44.20500 44.21400 44.21300 44.20400 44.19100 44.17300 44.16800 44.18100 44.21600 44.26700 44.32900 44.36000 44.38900 44.36600 44.31800 44.24900
44.21100 44.21100 44.21100 44.17900 44.15200 44.12400 44.09700 44.06900 44.04600 44.03000 44.02200 44.02800 44.03900 44.05800 44.08600 44.11700 44.14900 44.17300 44.18200 44.17700 44.15100 44.11600 44.07100 44.03200 44.00400 43.98100 43.96000 43.93900 43.91600 43.89100 43.86800 43.85100 43.84100 43.83900 43.84300 43.85000 43.86000 43.87100 43.88700 43.91200 43.94200 43.97700 44.01200 44.04600 44.07800 44.10500 44.12800 44.14600 44.16400 44.17800 44.18100 44.18300 44.18200 44.19200 44.22000 44.25700 44.31000 44.36500 44.39900 44.40700 44.37700 44.32400 44.23800
44.15900 44.15900 44.15900 44.13300 44.10900 44.08500 44.05900 44.03300 44.01200 44.00000 44.00200 44.02100 44.04600 44.08100 44.11600 44.14900 44.16900 44.17100 44.16700 44.14300 44.11200 44.06700 44.02500 43.98200 43.95000 43.92700 43.91000 43.89100 43.87100 43.84600 43.82200 43.80100 43.78600 43.77800 43.77600 43.78000 43.79000 43.80700 43.83100 43.86200 43.89700 43.93500 43.97000 44.00100 44.02900 44.05300 44.07600 44.10500 44.13300 44.16200 44.18400 44.20300 44.22200 44.24100 44.26200 44.29400 44.32800 44.36000 44.39000 44.39100 44.37000 44.31400 44.26000
44.11000 44.11000 44.11000 44.08800 44.06900 44.04700 44.02300 44.00000 43.98300 43.97900 43.99200 44.02400 44.06100 44.10400 44.14400 44.17200 44.17700 44.17000 44.15000 44.11600 44.06900 44.02000 43.97400 43.93100 43.89900 43.87400 43.85400 43.83500 43.81300 43.79000 43.76700 43.74700 43.72900 43.71900 43.71300 43.71500 43.72400 43.74300 43.76900 43.80200 43.84200 43.88200 43.91900 43.95000 43.97900 44.01000 44.03600 44.07000 44.10800 44.14800 44.18800 44.21700 44.23900 44.25900 44.27000 44.28500 44.30400 44.33400 44.35400 44.36800 44.36300 44.33700 44.28100
44.06900 44.06900 44.06900 44.04900 44.03000 44.00900 43.98600 43.96600 43.95500 43.95500 43.97900 44.01900 44.06300 44.11000 44.14600 44.17000 44.17200 44.16000 44.12900 44.08400 44.03300 43.98000 43.92600 43.88700 43.85200 43.82400 43.79500 43.77500 43.74900 43.72900 43.70800 43.69100 43.67800 43.66900 43.66600 43.66700 43.67600 43.69300 43.71500 43.74800 43.78500 43.82400 43.86300 43.90000 43.93500 43.96800 44.00000 44.03800 44.08000 44.12300 44.17200 44.21200 44.23700 44.25400 44.26600 44.25500 44.25200 44.27000 44.29800 44.33600 44.36200 44.35700 44.30400
44.03800 44.03800 44.03800 44.01800 43.99700 43.97400 43.95200 43.93600 43.93000 43.93800 43.96100 44.00000 44.04700 44.08800 44.12500 44.14700 44.15000 44.13600 44.09900 44.04900 43.99800 43.93900 43.88300 43.84200 43.80300 43.76500 43.73300 43.70800 43.68000 43.66400 43.64700 43.63800 43.63300 43.63200 43.63500 43.64200 43.65100 43.66600 43.68700 43.71000 43.74100 43.77900 43.82000 43.86600 43.90100 43.93900 43.97500 44.01200 44.05600 44.10000 44.15000 44.19800 44.23600 44.24700 44.23800 44.21200 44.20600 44.21300 44.24400 44.28300 44.31600 44.31100 44.27100
44.01000 44.01000 44.01000 43.98700 43.96200 43.93800 43.92000 43.90800 43.90700 43.91900 43.94200 43.97400 44.01000 44.04600 44.07600 44.09600 44.10400 44.08800 44.05300 44.00700 43.94600 43.88800 43.83500 43.78500 43.74200 43.70300 43.67100 43.64100 43.61800 43.60100 43.59200 43.59100 43.59500 43.60400 43.61700 43.63000 43.64400 43.65800 43.67500 43.69900 43.72700 43.76500 43.81100 43.86000 43.90100 43.93900 43.97500 44.01400 44.05200 44.10600 44.16400 44.21500 44.24900 44.26000 44.24500 44.22200 44.20600 44.19900 44.20600 44.22900 44.24800 44.24000 44.20600
43.97500 43.97500 43.97500 43.94800 43.92200 43.89900 43.88600 43.88000 43.88300 43.89400 43.91300 43.93500 43.96000 43.98600 44.00900 44.02200 44.02900 44.01800 43.99000 43.94700 43.89000 43.82800 43.77300 43.72100 43.67600 43.63900 43.60700 43.58100 43.56200 43.55100 43.54700 43.55300 43.56600 43.58500 43.60600 43.62600 43.64600 43.66300 43.68100 43.71100 43.74500 43.78900 43.83800 43.89200 43.93800 43.97500 44.00700 44.04700 44.09700 44.16000 44.22500 44.27800 44.30800 44.30500 44.29100 44.25900 44.22900 44.21400 44.20000 44.20300 44.22200 44.21300 44.19000
43.92200 43.92200 43.92200 43.89600 43.87300 43.85500 43.84600 43.84500 43.85000 43.85900 43.86900 43.88100 43.89300 43.90700 43.92300 43.93500 43.93800 43.93100 43.90800 43.87000 43.81800 43.76100 43.70600 43.65800 43.61600 43.58000 43.55400 43.53200 43.51900 43.51300 43.51700 43.52800 43.54800 43.57300 43.59900 43.62400 43.64800 43.67200 43.69900 43.73700 43.78600 43.84500 43.90800 43.96900 44.01500 44.04600 44.07100 44.10800 44.16500 44.23700 44.29700 44.34000 44.36500 44.38400 44.35500 44.31600 44.27400 44.23700 44.21000 44.19500 44.20300 44.20000 44.19900
43.85800 43.85800 43.85800 43.83800 43.82100 43.81000 43.80400 43.80400 43.80600 43.81000 43.81300 43.81400 43.81500 43.82100 43.82800 43.83700 43.83900 43.83600 43.81900 43.79000 43.74600 43.69600 43.64700 43.60300 43.56400 43.53500 43.51200 43.49600 43.48800 43.48800 43.49800 43.51600 43.54000 43.56800 43.59500 43.62100 43.64900 43.67800 43.71600 43.76900 43.83800 43.92100 44.00600 44.07600 44.12200 44.13700 44.14000 44.16700 44.20500 44.26200 44.32100 44.36700 44.39000 44.40100 44.38400 44.34200 44.29000 44.25300 44.21700 44.18900 44.18200 44.18000 44.17100
43.79800 43.79800 43.79800 43.78600 43.77500 43.76800 43.76200 43.75800 43.75600 43.75300 43.74800 43.74200 43.73700 43.73400 43.73400 43.73800 43.73900 43.73800 43.72600 43.70400 43.66900 43.63100 43.59200 43.55400 43.52100 43.49600 43.47800 43.46700 43.46500 43.47200 43.48700 43.51000 43.53600 43.56400 43.59000 43.61500 43.64200 43.67600 43.72200 43.78800 43.87500 43.98200 44.09400 44.18700 44.23100 44.21900 44.19400 44.17800 44.19600 44.23000 44.28800 44.33400 44.37700 44.39300 44.37300 44.33600 44.28400 44.23400 44.20300 44.17600 44.15900 44.12900 44.12000
43.75600 43.75600 43.75600 43.74900 43.74100 43.73400 43.72400 43.71400 43.70600 43.69500 43.68400 43.67300 43.66200 43.65400 43.64600 43.64400 43.64200 43.64000 43.63100 43.61600 43.59600 43.56600 43.53400 43.50500 43.47900 43.46100 43.44700 43.44000 43.44300 43.45400 43.47300 43.49900 43.52700 43.55300 43.57700 43.59900 43.62300 43.65500 43.70300 43.77200 43.86700 43.98200 44.11000 44.22200 44.26500 44.23600 44.18600 44.15600 44.15100 44.16900 44.21200 44.26700 44.32800 44.36400 44.36200 44.32700 44.28700 44.23900 44.19700 44.15300 44.11800 44.07500 44.04800
43.73300 43.73300 43.73300 43.72600 43.71800 43.70600 43.69200 43.67600 43.65900 43.64300 43.62700 43.61200 43.59700 43.58400 43.57200 43.56200 43.55600 43.55100 43.54400 43.53400 43.51800 43.50000 43.47900 43.45800 43.44100 43.42700 43.42000 43.41800 43.42300 43.43700 43.45700 43.48100 43.50600 43.53100 43.55000 43.56600 43.58400 43.60900 43.65000 43.71100 43.79300 43.89200 43.99700 44.08600 44.12600 44.11500 44.08200 44.05600 44.04900 44.07100 44.12500 44.19600 44.27600 44.33200 44.36100 44.34800 44.31500 44.27900 44.22800 44.18800 44.12700 44.05500 43.99600
43.72400 43.72400 43.72400 43.71500 43.70300 43.68800 43.66800 43.64700 43.62500 43.60400 43.58400 43.56700 43.54600 43.52800 43.51200 43.49800 43.48900 43.48000 43.47500 43.46800 43.45800 43.44700 43.43300 43.42100 43.41200 43.40500 43.40200 43.40500 43.41100 43.42200 43.43900 43.46000 43.48000 43.49700 43.51000 43.52000 43.53100 43.54800 43.57800 43.62100 43.67600 43.74300 43.81000 43.86500 43.89900 43.91000 43.91000 43.91100 43.92100 43.95000 44.01600 44.11800 44.22000 44.30000 44.35600 44.37000 44.37500 44.34100 44.29100 44.23700 44.16600 44.08800 44.01300
43.72200 43.72200 43.72200 43.71000 43.69800 43.68100 43.65900 43.63400 43.60900 43.58300 43.55800 43.53400 43.51300 43.49100 43.47100 43.45500 43.44400 43.43500 43.43000 43.42400 43.41800 43.40900 43.40100 43.39500 43.39300 43.39200 43.39300 43.39600 43.40200 43.41200 43.42300 43.43700 43.45000 43.46000 43.46700 43.47000 43.47500 43.48300 43.50200 43.52800 43.56000 43.59600 43.63000 43.66100 43.68800 43.71200 43.73600 43.76400 43.80000 43.84900 43.92600 44.02700 44.13200 44.22800 44.30900 44.35500 44.38800 44.37800 44.35200 44.30400 44.24000 44.16500 44.10300
43.72500 43.72500 43.72500 43.71600 43.70500 43.68800 43.66800 43.64100 43.61200 43.58300 43.55300 43.52300 43.49600 43.47100 43.44900 43.43100 43.41800 43.41000 43.40300 43.39700 43.39000 43.38400 43.37800 43.37700 43.37700 43.38000 43.38400 43.38800 43.39200 43.39800 43.40600 43.41400 43.42100 43.42600 43.42800 43.42700 43.42800 43.43300 43.44500 43.46200 43.47900 43.49700 43.51100 43.52900 43.54700 43.57400 43.61300 43.66100 43.71600 43.77900 43.85500 43.94700 44.04700 44.14800 44.24900 44.30900 44.36200 44.39600 44.37800 44.35700 44.29400 44.25100 44.20500
43.74500 43.74500 43.74500 43.73600 43.72500 43.71000 43.69100 43.66400 43.63300 43.59900 43.56300 43.52900 43.49600 43.46700 43.44200 43.42200 43.40600 43.39500 43.38700 43.37800 43.37000 43.36300 43.35900 43.35700 43.36000 43.36500 43.36800 43.37100 43.37300 43.37600 43.38000 43.38600 43.39000 43.39200 43.39200 43.39100 43.39200 43.39900 43.41300 43.43100 43.45100 43.46500 43.47700 43.49000 43.50400 43.53300 43.57400 43.62900 43.69300 43.76200 43.83800 43.91800 44.00800 44.10500 44.19600 44.26500 44.31900 44.35800 44.36300 44.35500 44.33200 44.31800 44.29500
43.77700 43.77700 43.77700 43.76500 43.75200 43.73900 43.71900 43.69300 43.66000 43.62300 43.58300 43.54400 43.50800 43.47400 43.44500 43.42200 43.40200 43.38700 43.37400 43.36200 43.35100 43.34200 43.33700 43.33700 43.34000 43.34300 43.34600 43.34600 43.34600 43.34500 43.34400 43.34800 43.35200 43.35600 43.35800 43.36000 43.36600 43.38100 43.40400 43.43300 43.46300 43.49100 43.51100 43.52900 43.54800 43.57700 43.61600 43.67000 43.73200 43.80100 43.86700 43.93300 44.00400 44.07800 44.14800 44.20300 44.25100 44.28700 44.30500 44.31400 44.33100 44.36800 44.37800
43.81600 43.81600 43.81600 43.79200 43.77500 43.75800 43.73800 43.71100 43.67900 43.64100 43.60000 43.55900 43.52100 43.48400 43.45400 43.42700 43.40500 43.38600 43.36900 43.35400 43.34100 43.33000 43.32400 43.32100 43.32200 43.32200 43.32300 43.32000 43.31400 43.30800 43.30700 43.30900 43.31400 43.32100 43.32800 43.33800 43.35300 43.37900 43.41300 43.45700 43.50400 43.54500 43.57900 43.60800 43.63100 43.66000 43.69700 43.74000 43.80100 43.86200 43.91500 43.95600 43.99800 44.04800 44.09400 44.13900 44.18000 44.21300 44.24600 44.28700 44.34100 44.39300 44.43200
43.83600 43.83600 43.83600 43.80300 43.77700 43.75600 43.73600 43.71100 43.68100 43.64600 43.60700 43.56800 43.52800 43.49100 43.45900 43.43300 43.41000 43.39100 43.37300 43.35800 43.34200 43.32800 43.31800 43.31100 43.30700 43.30300 43.29800 43.29200 43.28300 43.27600 43.27300 43.27700 43.28400 43.29600 43.31100 43.33000 43.35600 43.39200 43.44000 43.49600 43.55400 43.60600 43.64900 43.67900 43.70300 43.73100 43.76000 43.79200 43.83500 43.88100 43.91200 43.93100 43.95200 43.98000 44.01500 44.05000 44.10600 44.13900 44.18800 44.25500 44.33000 44.39900 44.48000
43.82800 43.82800 43.82800 43.78900 43.75900 43.73800 43.71700 43.69400 43.66900 43.63700 43.60200 43.56200 43.52200 43.48500 43.45500 43.43000 43.41000 43.39500 43.38100 43.36600 43.34700 43.32900 43.31300 43.29900 43.28800 43.27800 43.27000 43.26100 43.25400 43.24900 43.24900 43.25500 43.26700 43.28700 43.31100 43.34000 43.38000 43.42700 43.48300 43.54600 43.60800 43.66300 43.70600 43.73500 43.75400 43.76800 43.78000 43.79400 43.81000 43.83200 43.84800 43.86200 43.87700 43.90300 43.93800 43.97500 44.02800 44.07800 44.13600 44.20700 44.29600 44.39200 44.48300
43.78200 43.78200 43.78200 43.74000 43.71100 43.69400 43.68100 43.66800 43.64800 43.62000 43.58400 43.54200 43.50100 43.46500 43.43500 43.41400 43.40000 43.39000 43.37800 43.36200 43.34100 43.31900 43.29500 43.27500 43.25900 43.24700 43.23600 43.22900 43.22400 43.22300 43.23100 43.24300 43.26100 43.28900 43.32300 43.36400 43.41300 43.47200 43.54000 43.61000 43.67200 43.72000 43.75200 43.77100 43.77900 43.77600 43.76300 43.75600 43.75900 43.76700 43.77700 43.79200 43.81000 43.83600 43.87400 43.91800 43.96600 44.02400 44.09500 44.17100 44.24900 44.33900 44.42100
43.72000 43.72000 43.72000 43.68300 43.66100 43.65100 43.64700 43.63900 43.62300 43.59700 43.55700 43.51400 43.47000 43.43100 43.40200 43.38500 43.37400 43.36700 43.35600 43.33900 43.31700 43.29300 43.26600 43.24300 43.22400 43.21100 43.20200 43.19900 43.19700 43.20300 43.21300 43.23000 43.25800 43.29300 43.33400 43.38400 43.44400 43.51500 43.59400 43.67400 43.74000 43.77500 43.78900 43.79400 43.79000 43.77300 43.73900 43.71200 43.70900 43.71800 43.73400 43.75400 43.77500 43.80000 43.83800 43.88200 43.93600 43.99800 44.06700 44.13400 44.19400 44.25500 44.31700
