GISDATA/EGG97_QGRJ_SfASCII.grd
DSAA
320 160
    19.93062199999999960     30.56394470000000040
    43.39235730000000050     48.69235199999999960
27.01600 46.26400
[rows 28 to 55 of 160, columns 189 to 251 of 320]
36.15100 36.06600 35.95600 35.84300 35.77200 35.76000 35.74600 35.71100 35.68200 35.65500 35.61900 35.56300 35.49200 35.41500 35.34500 35.29200 35.25600 35.23300 35.22400 35.22800 35.25000 35.28600 35.33200 35.37400 35.39200 35.36800 35.31000 35.26300 35.25200 35.25900 35.27600 35.27300 35.20400 35.06900 34.96500 34.87200 34.79900 34.75000 34.73100 34.72900 34.73600 34.74700 34.76800 34.80200 34.85500 34.90800 34.92300 34.86200 34.77200 34.70000 34.64800 34.61100 34.58200 34.55800 34.52300 34.47500 34.40800 34.34200 34.27600 34.21900 34.16700 34.12300 34.08900
35.85900 35.83300 35.76400 35.61700 35.43500 35.33600 35.34300 35.39100 35.44800 35.49000 35.50000 35.45300 35.36100 35.25600 35.16700 35.10400 35.07200 35.05200 35.03800 35.02900 35.03300 35.05600 35.08300 35.11400 35.12200 35.10400 35.07400 35.05700 35.06900 35.10100 35.15200 35.19100 35.20500 35.12200 34.93200 34.76800 34.65400 34.58100 34.55300 34.55900 34.58600 34.61000 34.62200 34.63800 34.67100 34.72000 34.73400 34.66600 34.58300 34.54600 34.52300 34.49800 34.47200 34.45100 34.42000 34.37200 34.31600 34.25700 34.20200 34.15200 34.10800 34.07600 34.05000
35.65700 35.65600 35.62600 35.46200 35.17200 35.00400 35.01700 35.10900 35.22400 35.33500 35.40100 35.35800 35.22300 35.07500 34.97400 34.92700 34.91800 34.91900 34.90100 34.86500 34.84500 34.85600 34.87900 34.90600 34.91900 34.91800 34.90500 34.89900 34.91100 34.94100 34.98600 35.02000 35.01400 34.92800 34.77900 34.63500 34.51600 34.42400 34.38200 34.40800 34.46400 34.48900 34.46400 34.42200 34.40400 34.42700 34.44600 34.42500 34.38000 34.38600 34.39000 34.36900 34.34200 34.31300 34.28100 34.24400 34.20100 34.15700 34.11800 34.08400 34.05400 34.03200 34.01600
35.47800 35.44700 35.42100 35.30100 35.09500 34.93300 34.88100 34.91900 35.00900 35.13600 35.24700 35.20300 35.01900 34.85300 34.77700 34.77100 34.82000 34.87800 34.87900 34.78900 34.72800 34.71600 34.72400 34.74200 34.75500 34.75700 34.74600 34.73900 34.74300 34.76500 34.78800 34.79700 34.77200 34.69400 34.60400 34.52600 34.42100 34.31500 34.25300 34.28300 34.35700 34.37700 34.31500 34.23000 34.17300 34.19200 34.24100 34.28900 34.31700 34.30600 34.27500 34.24100 34.20500 34.17300 34.14400 34.11500 34.08700 34.06100 34.03500 34.01600 34.00000 33.99000 33.98300
35.19900 35.15800 35.19100 35.14100 35.02000 34.88500 34.79700 34.76900 34.78900 34.85100 34.91300 34.88500 34.76100 34.66100 34.65100 34.70700 34.80300 34.89600 34.91900 34.82500 34.70300 34.63100 34.59800 34.58500 34.58000 34.57000 34.55900 34.55200 34.55500 34.57000 34.59000 34.60900 34.62000 34.62500 34.61300 34.52900 34.40400 34.28700 34.21700 34.21000 34.23500 34.23300 34.18100 34.11600 34.07100 34.07300 34.10800 34.15200 34.17700 34.17200 34.14200 34.10700 34.07500 34.04600 34.02400 34.00400 33.98900 33.97400 33.96300 33.95400 33.94600 33.94200 33.94000
34.93700 34.92200 34.96800 34.96400 34.88500 34.77500 34.67800 34.61700 34.59300 34.60000 34.60600 34.59300 34.55900 34.54900 34.60100 34.70400 34.81400 34.86300 34.83300 34.73900 34.62000 34.52000 34.45400 34.41000 34.38400 34.36300 34.34800 34.34400 34.34900 34.36600 34.39200 34.42400 34.46400 34.50000 34.50400 34.44300 34.34100 34.24500 34.17500 34.14300 34.13300 34.11900 34.08400 34.04200 34.00900 33.99700 34.00100 34.01400 34.02000 34.01300 33.99300 33.96900 33.94600 33.92900 33.91700 33.90900 33.90300 33.89800 33.89500 33.89300 33.88900 33.88400 33.87900
34.73900 34.74100 34.76300 34.75500 34.68900 34.60000 34.52500 34.45700 34.41300 34.38800 34.37400 34.36500 34.37100 34.40800 34.48500 34.59300 34.68400 34.69400 34.63400 34.53800 34.43400 34.34200 34.26700 34.21300 34.17400 34.14600 34.13000 34.12400 34.13000 34.14500 34.17200 34.20600 34.24600 34.27700 34.28100 34.25000 34.19000 34.12900 34.08400 34.05400 34.04400 34.03500 34.01300 33.98000 33.94400 33.91600 33.89500 33.88300 33.87200 33.86100 33.84800 33.83500 33.82500 33.82000 33.81800 33.82100 33.82300 33.82600 33.82700 33.82700 33.82400 33.81600 33.80100
34.55800 34.54300 34.53600 34.51700 34.47400 34.41200 34.34300 34.27800 34.22700 34.19000 34.16400 34.15400 34.16300 34.20100 34.26100 34.33200 34.38100 34.38300 34.33700 34.26400 34.18300 34.10800 34.04400 33.99500 33.95500 33.92600 33.90800 33.89800 33.90000 33.91500 33.93700 33.96800 34.00000 34.02900 34.03900 34.02500 33.99400 33.96000 33.94100 33.93800 33.94500 33.95600 33.94600 33.90500 33.84900 33.80200 33.76900 33.74800 33.73300 33.72100 33.71500 33.71000 33.71300 33.71800 33.72600 33.73300 33.74300 33.75100 33.75500 33.75700 33.75200 33.73800 33.71500
34.38800 34.34900 34.32500 34.29800 34.26800 34.21700 34.15600 34.09600 34.04200 33.99900 33.95900 33.93400 33.92900 33.94500 33.97700 34.01600 34.04100 34.04100 34.01400 33.96700 33.91500 33.86100 33.81000 33.77000 33.73600 33.71000 33.68900 33.67700 33.67500 33.68300 33.70200 33.72700 33.75600 33.77900 33.79400 33.79200 33.78100 33.77000 33.76700 33.77900 33.80500 33.83400 33.84900 33.79400 33.70300 33.65000 33.62100 33.60600 33.59800 33.59400 33.59500 33.60100 33.61100 33.62400 33.63700 33.65000 33.66400 33.67400 33.68200 33.68000 33.67300 33.65700 33.63400
34.23100 34.18100 34.15200 34.13700 34.10200 34.03800 33.97400 33.91700 33.86200 33.81000 33.76100 33.71300 33.67700 33.66800 33.67400 33.69700 33.71500 33.72200 33.71100 33.68600 33.65300 33.61700 33.58100 33.54900 33.52200 33.49900 33.47800 33.46500 33.45800 33.46300 33.47700 33.49900 33.52200 33.54600 33.56000 33.56800 33.56900 33.56900 33.57200 33.58400 33.59900 33.61500 33.61400 33.57500 33.51500 33.48100 33.46800 33.46700 33.47300 33.48300 33.49500 33.50700 33.52300 33.53900 33.55400 33.56900 33.58200 33.59200 33.59900 33.60100 33.59500 33.58500 33.56400
34.11200 34.06300 34.04100 34.03100 33.95400 33.86100 33.78200 33.72600 33.68400 33.64000 33.57700 33.49500 33.42200 33.37900 33.37700 33.40000 33.42800 33.44700 33.45300 33.44300 33.42400 33.39800 33.37100 33.34500 33.32000 33.29800 33.27800 33.26500 33.25900 33.26100 33.27200 33.29000 33.31200 33.33300 33.34900 33.36000 33.36800 33.37300 33.37800 33.37900 33.37700 33.36400 33.33800 33.31700 33.31200 33.31500 33.32600 33.34300 33.36200 33.38500 33.40600 33.42700 33.44600 33.46500 33.47900 33.49200 33.50200 33.51200 33.51900 33.52200 33.52100 33.51800 33.50700
33.99700 33.93200 33.87100 33.79400 33.69200 33.60300 33.54400 33.52100 33.51400 33.49500 33.43200 33.31200 33.18300 33.11300 33.11400 33.15300 33.19800 33.23200 33.24700 33.24700 33.23400 33.21200 33.18400 33.15700 33.13300 33.11000 33.09300 33.08100 33.07600 33.07700 33.08300 33.09700 33.11800 33.13800 33.15700 33.17400 33.18900 33.19900 33.20500 33.20500 33.19800 33.18400 33.16900 33.16100 33.17000 33.18800 33.21200 33.24000 33.27100 33.30500 33.33200 33.35900 33.37900 33.39500 33.40600 33.41900 33.42600 33.43300 33.43900 33.44600 33.45200 33.45500 33.45600
33.80600 33.68400 33.54100 33.40400 33.30400 33.25700 33.25500 33.28200 33.32100 33.34300 33.30600 33.16800 33.00600 32.92400 32.93300 32.98400 33.04000 33.08100 33.09800 33.09600 33.08000 33.05400 33.02300 32.99100 32.96200 32.94000 32.92200 32.90900 32.90500 32.90500 32.90900 32.92200 32.94000 32.96400 32.98600 33.01100 33.03400 33.05400 33.06500 33.07100 33.07000 33.06500 33.06200 33.06600 33.07800 33.10100 33.12900 33.16200 33.20000 33.23600 33.27000 33.29800 33.31800 33.33300 33.34100 33.34800 33.35200 33.35800 33.36300 33.37000 33.38200 33.39200 33.40700
33.55900 33.39100 33.19700 33.01900 32.92600 32.92600 32.97100 33.03100 33.08700 33.12000 33.09500 33.00700 32.90100 32.83800 32.83700 32.87800 32.93300 32.97200 32.98000 32.97200 32.95200 32.92300 32.88700 32.84700 32.81100 32.78300 32.76300 32.75000 32.74300 32.74300 32.75000 32.75900 32.78100 32.80800 32.83900 32.87400 32.90700 32.93800 32.96000 32.97200 32.97600 32.97900 32.98300 32.99700 33.01400 33.03800 33.06800 33.10100 33.14000 33.18000 33.21900 33.25100 33.27300 33.28300 33.28500 33.28400 33.28300 33.28500 33.29100 33.29900 33.31100 33.32900 33.34800
33.35100 33.17800 32.99100 32.82800 32.74000 32.73700 32.77400 32.82200 32.86300 32.88400 32.86700 32.82600 32.77300 32.73900 32.73900 32.76800 32.81000 32.84100 32.84900 32.84500 32.83400 32.80800 32.76900 32.72300 32.67900 32.64200 32.61400 32.59900 32.59100 32.59000 32.59700 32.60800 32.63200 32.66700 32.70800 32.75200 32.79800 32.84100 32.87300 32.88800 32.89300 32.90300 32.92200 32.94300 32.96600 32.99100 33.01700 33.04800 33.08600 33.12900 33.17500 33.21500 33.24100 33.24700 33.23800 33.22500 33.21600 33.21300 33.21500 33.22300 33.23600 33.25500 33.27800
33.20500 33.06400 32.91900 32.79300 32.71000 32.67700 32.67600 32.68900 32.69900 32.69800 32.68100 32.65500 32.62700 32.60900 32.60700 32.62200 32.64600 32.66900 32.68500 32.69800 32.70400 32.69400 32.65800 32.60400 32.55400 32.51100 32.48000 32.46000 32.44800 32.44600 32.45200 32.46800 32.49600 32.53700 32.58400 32.63500 32.68600 32.73100 32.76400 32.78000 32.79900 32.82500 32.85900 32.89600 32.92700 32.95000 32.96900 32.99300 33.02400 33.06600 33.11800 33.17000 33.20600 33.20400 33.18100 33.15400 33.13800 33.12800 33.13000 33.13900 33.15300 33.16900 33.18900
33.12400 33.02600 32.91700 32.81200 32.72900 32.67600 32.64300 32.62200 32.60200 32.57500 32.54300 32.51100 32.48200 32.46400 32.45500 32.45700 32.47000 32.48400 32.49900 32.52100 32.54100 32.54600 32.51600 32.46700 32.42000 32.38100 32.35300 32.33200 32.31900 32.31300 32.31500 32.33400 32.36500 32.40700 32.45600 32.50900 32.55800 32.59700 32.62400 32.65000 32.68500 32.73300 32.79000 32.84700 32.88800 32.90400 32.91000 32.91900 32.94200 32.97700 33.02300 33.07000 33.10300 33.10200 33.07800 33.05300 33.03500 33.02700 33.03100 33.04000 33.05300 33.07300 33.09100
33.09100 33.02700 32.93500 32.83500 32.75000 32.68800 32.64000 32.59700 32.55100 32.49800 32.44600 32.39600 32.35700 32.32600 32.30600 32.29500 32.29800 32.30300 32.30600 32.32300 32.33700 32.34200 32.32700 32.30000 32.27400 32.25100 32.23300 32.21700 32.20300 32.19100 32.19400 32.20900 32.24200 32.28400 32.32500 32.36000 32.40000 32.43400 32.46400 32.50000 32.54900 32.61200 32.68600 32.76200 32.81200 32.82200 32.82100 32.82300 32.83700 32.86100 32.89200 32.92300 32.94200 32.94600 32.93500 32.92000 32.91000 32.90900 32.91600 32.92800 32.94400 32.96200 32.97700
33.05100 33.00200 32.91700 32.82100 32.74800 32.69700 32.65400 32.60100 32.53200 32.45300 32.37400 32.30400 32.24800 32.20500 32.17300 32.15000 32.13500 32.13600 32.12700 32.13100 32.13700 32.13900 32.13500 32.12900 32.12300 32.12100 32.12300 32.11700 32.09700 32.07900 32.07600 32.09500 32.13200 32.17800 32.21400 32.21200 32.21600 32.24600 32.28300 32.32800 32.38400 32.45200 32.52600 32.59800 32.65200 32.68200 32.69700 32.70900 32.72500 32.74100 32.75900 32.77400 32.78300 32.78500 32.78200 32.77800 32.77500 32.78000 32.78800 32.80200 32.81900 32.83400 32.84700
32.97800 32.90100 32.82100 32.76100 32.72300 32.70200 32.67600 32.62100 32.53000 32.42500 32.32100 32.23000 32.15600 32.10200 32.06100 32.02500 31.99800 31.99100 31.97200 31.96600 31.96400 31.96300 31.96500 31.96600 31.97300 31.98600 31.99900 32.00300 31.98100 31.95800 31.96400 31.99600 32.04100 32.07300 32.07500 32.07400 32.06200 32.06800 32.10500 32.14900 32.19100 32.25600 32.33600 32.39700 32.46200 32.52200 32.56600 32.60300 32.63100 32.64700 32.65100 32.65100 32.64900 32.64500 32.64300 32.64300 32.64500 32.65000 32.66000 32.67400 32.68400 32.69700 32.70800
32.94900 32.85500 32.77600 32.72500 32.70200 32.69300 32.67800 32.62200 32.51700 32.39700 32.28000 32.17500 32.09700 32.03500 31.97900 31.93000 31.89000 31.85900 31.82900 31.81900 31.82600 31.82700 31.82000 31.82100 31.83000 31.84600 31.86300 31.87000 31.85800 31.84700 31.86600 31.90400 31.94000 31.94900 31.91800 31.89700 31.89500 31.90100 31.92100 31.95500 32.00100 32.06000 32.12900 32.20600 32.28700 32.37100 32.45200 32.52200 32.57100 32.58800 32.58100 32.56000 32.54100 32.52800 32.52200 32.52100 32.52100 32.52700 32.53500 32.54400 32.55400 32.56100 32.56100
32.96600 32.88100 32.79500 32.73100 32.68600 32.65500 32.61900 32.55900 32.47100 32.36800 32.26300 32.16900 32.09700 32.03000 31.94600 31.86300 31.80300 31.76200 31.73000 31.71700 31.72100 31.71500 31.68700 31.68400 31.69200 31.71700 31.73800 31.76000 31.77500 31.78600 31.79600 31.80700 31.81100 31.80500 31.78600 31.76600 31.75100 31.74300 31.74600 31.76800 31.81000 31.86900 31.94300 32.03100 32.13000 32.24000 32.35600 32.46200 32.53700 32.55400 32.52700 32.48400 32.44800 32.42600 32.41200 32.40600 32.40600 32.40900 32.41200 32.41700 32.42400 32.42800 32.42500
32.98700 32.89500 32.80000 32.74300 32.67600 32.61700 32.55900 32.49300 32.40600 32.33100 32.26700 32.23200 32.20200 32.10800 31.94200 31.80800 31.73300 31.69900 31.67500 31.65800 31.63400 31.61100 31.58400 31.57100 31.57300 31.59000 31.61500 31.64800 31.67500 31.69100 31.69500 31.68600 31.67100 31.66500 31.66600 31.65600 31.62700 31.58800 31.56600 31.57600 31.61900 31.68700 31.77300 31.87100 31.98100 32.10500 32.23800 32.36500 32.46000 32.47500 32.44000 32.39100 32.34900 32.32000 32.30300 32.29500 32.29100 32.29200 32.29500 32.30000 32.30700 32.31200 32.31300
32.98800 32.91100 32.83000 32.75100 32.68800 32.59500 32.52300 32.42200 32.34100 32.28600 32.25100 32.25800 32.24600 32.11300 31.87400 31.72600 31.67700 31.66500 31.65500 31.62800 31.58500 31.54200 31.51100 31.45700 31.44500 31.45200 31.46800 31.48800 31.50600 31.51800 31.52100 31.51600 31.51000 31.52400 31.55600 31.56100 31.50700 31.42600 31.37400 31.38100 31.44100 31.52600 31.62400 31.72900 31.83800 31.95400 32.07500 32.18800 32.27000 32.30000 32.28900 32.25900 32.23000 32.20800 32.19500 32.18400 32.18100 32.18200 32.18800 32.19800 32.20500 32.21600 32.22000
33.02000 32.92100 32.84000 32.76200 32.68800 32.60100 32.50500 32.40800 32.31200 32.25000 32.22800 32.22400 32.16000 32.01800 31.83100 31.69600 31.64100 31.63500 31.62400 31.58100 31.52300 31.46600 31.41500 31.37000 31.33900 31.32000 31.30300 31.30300 31.31200 31.31900 31.32500 31.33500 31.35500 31.38900 31.42900 31.43400 31.36800 31.26400 31.19800 31.22300 31.30800 31.41200 31.51600 31.61400 31.70800 31.80700 31.90500 31.99600 32.06700 32.10800 32.12100 32.11700 32.10800 32.09800 32.08900 32.08700 32.08300 32.08500 32.09300 32.10700 32.11900 32.13900 32.13900
33.12900 33.00000 32.90800 32.81200 32.72300 32.63200 32.53700 32.43600 32.33500 32.26500 32.21900 32.18700 32.12100 32.01600 31.85600 31.67700 31.52400 31.46300 31.45400 31.43600 31.41400 31.37800 31.33000 31.27400 31.22600 31.18200 31.15900 31.14600 31.13900 31.13800 31.14500 31.16700 31.20800 31.25200 31.29100 31.29900 31.26300 31.20000 31.16400 31.19300 31.27000 31.36600 31.45600 31.53100 31.60200 31.67600 31.75700 31.83500 31.90100 31.94900 31.97400 31.99000 31.99900 32.00600 32.00800 32.00700 32.00500 32.00600 32.01400 32.02400 32.03500 32.04800 32.05200
33.25200 33.13900 33.04400 32.90000 32.78600 32.69200 32.62000 32.51400 32.41600 32.32700 32.25900 32.19700 32.14500 32.06300 31.89600 31.63100 31.27200 31.10300 31.13800 31.22000 31.28100 31.29500 31.25400 31.18500 31.11900 31.06000 31.02300 30.99800 30.98200 30.97600 30.98800 31.02100 31.07700 31.13900 31.19900 31.24200 31.25700 31.25300 31.25200 31.27200 31.31500 31.37000 31.42300 31.46900 31.51400 31.56700 31.63000 31.69800 31.76400 31.81200 31.84000 31.87200 31.91200 31.94400 31.95700 31.95700 31.94900 31.94800 31.94400 31.94300 31.94300 31.93700 31.93800
33.45600 33.33500 33.19000 33.02500 32.88000 32.78500 32.69400 32.59000 32.49000 32.40200 32.32000 32.24300 32.16700 32.06700 31.89500 31.58900 31.19600 30.99600 31.02000 31.12300 31.21400 31.24000 31.19300 31.10600 31.02500 30.95700 30.91800 30.88900 30.86900 30.86100 30.86900 30.91000 30.98700 31.07400 31.17100 31.26000 31.33300 31.37700 31.39800 31.39900 31.39900 31.40100 31.40900 31.42200 31.44200 31.47300 31.51300 31.56000 31.60400 31.64000 31.66200 31.74900 31.85400 31.91900 31.93600 31.92800 31.90700 31.88900 31.86900 31.83900 31.81900 31.79600 31.79100
