GISDATA/EGG97_QGRJ_SfASCII.grd
DSAA
320 160
    19.93062199999999960     30.56394470000000040
    43.39235730000000050     48.69235199999999960
27.01600 46.26400
[rows 84 to 111 of 160, columns 63 to 125 of 320]
42.89900 42.94500 43.00300 43.06300 43.11200 43.16100 43.20000 43.23400 43.24900 43.24600 43.22100 43.20700 43.18400 43.15100 43.10100 43.04500 42.98500 42.93600 42.90200 42.89300 42.89600 42.92100 42.94900 42.99100 43.04500 43.09900 43.16500 43.22800 43.27800 43.30800 43.34400 43.37200 43.38500 43.40100 43.41600 43.38100 43.35500 43.29200 43.20800 43.09200 42.97400 42.85500 42.71000 42.55300 42.38000 42.17600 41.98100 41.79600 41.63500 41.49700 41.36800 41.25600 41.14800 41.06500 40.99600 40.94300 40.89100 40.82700 40.75500 40.66900 40.57700 40.47800 40.37500
42.84400 42.90200 42.96700 43.01200 43.03500 43.05900 43.07500 43.08400 43.08400 43.08200 43.07500 43.07100 43.07100 43.05100 43.00500 42.94100 42.87100 42.83700 42.82600 42.84700 42.88200 42.92600 42.98000 43.03700 43.09300 43.16000 43.21800 43.26200 43.30300 43.34900 43.38800 43.41800 43.42400 43.43000 43.41600 43.39100 43.36400 43.30600 43.21600 43.12100 43.00900 42.87000 42.69600 42.52600 42.34700 42.14300 41.92800 41.73100 41.54100 41.38200 41.24100 41.13000 41.03700 40.96300 40.89700 40.83300 40.77900 40.71600 40.63900 40.55300 40.46400 40.36400 40.25100
42.79100 42.86100 42.90800 42.93300 42.93100 42.91800 42.89800 42.88300 42.87900 42.88900 42.91300 42.94300 42.97400 42.98700 42.97900 42.94000 42.86900 42.83900 42.85400 42.89400 42.95500 43.01700 43.07500 43.13200 43.17700 43.22500 43.28200 43.31400 43.34900 43.38300 43.41700 43.43900 43.45900 43.46100 43.43600 43.39000 43.35300 43.29700 43.22100 43.11700 42.96700 42.83200 42.69200 42.50500 42.30900 42.11500 41.89900 41.68200 41.49000 41.31300 41.16700 41.05100 40.95800 40.88100 40.81000 40.74500 40.67200 40.60800 40.53800 40.46200 40.37900 40.28500 40.17200
42.74600 42.81600 42.85300 42.84500 42.80900 42.76400 42.72400 42.70800 42.71700 42.74700 42.79700 42.84700 42.90300 42.96100 43.00400 43.03100 43.00200 42.96900 42.98300 43.01700 43.08200 43.14800 43.19600 43.24900 43.28100 43.31600 43.35600 43.38400 43.39500 43.41800 43.43400 43.43900 43.43200 43.41900 43.39900 43.35900 43.31800 43.25800 43.15600 43.05500 42.93900 42.81000 42.63700 42.46700 42.29400 42.10900 41.89100 41.67100 41.46800 41.28300 41.13000 41.01100 40.91300 40.83200 40.74700 40.67100 40.59100 40.52500 40.46000 40.39400 40.32700 40.25400 40.15200
42.69200 42.76700 42.78300 42.73700 42.67700 42.61700 42.59100 42.59300 42.63000 42.68100 42.74500 42.80400 42.85700 42.91700 42.96600 43.01600 43.03900 43.05800 43.08900 43.14300 43.20800 43.26700 43.32700 43.35200 43.38600 43.39900 43.42100 43.42900 43.42400 43.44400 43.42500 43.41900 43.38500 43.36800 43.35300 43.33500 43.29600 43.21100 43.10800 42.98000 42.86400 42.74000 42.59800 42.44100 42.26800 42.07900 41.88700 41.68400 41.47300 41.27900 41.12200 40.99200 40.89100 40.79900 40.70000 40.60000 40.51200 40.44900 40.39200 40.34200 40.28600 40.21800 40.12900
42.59000 42.63100 42.62600 42.58000 42.53300 42.49400 42.49400 42.53200 42.59200 42.66100 42.72200 42.77000 42.80400 42.83500 42.87300 42.92000 42.98300 43.06100 43.13800 43.22600 43.30500 43.36000 43.39700 43.45000 43.47500 43.48300 43.47800 43.46500 43.47100 43.45300 43.43000 43.40300 43.38200 43.37300 43.35200 43.34100 43.29000 43.21200 43.09400 42.95800 42.81400 42.70500 42.56200 42.41400 42.24900 42.09500 41.90200 41.69300 41.48000 41.28600 41.11600 40.98300 40.87900 40.78000 40.65800 40.53000 40.42600 40.36600 40.32300 40.28200 40.24000 40.18000 40.11100
42.45800 42.45700 42.43900 42.41200 42.39200 42.39500 42.43500 42.50000 42.57600 42.65000 42.69500 42.72700 42.73900 42.74800 42.76800 42.82100 42.90300 43.02200 43.15400 43.24100 43.33300 43.42300 43.47800 43.51700 43.52600 43.54300 43.53800 43.52200 43.50100 43.47100 43.45100 43.43000 43.42000 43.41300 43.38300 43.36100 43.32300 43.21500 43.10000 42.94300 42.79700 42.66300 42.53700 42.39500 42.22000 42.07900 41.90100 41.69300 41.48900 41.29400 41.12000 40.97300 40.86500 40.75100 40.60200 40.44100 40.33100 40.29400 40.27300 40.24600 40.19100 40.13100 40.05600
42.34800 42.32600 42.31000 42.30500 42.31300 42.35300 42.41600 42.49600 42.57400 42.62500 42.66600 42.67800 42.68300 42.68000 42.69300 42.74400 42.83600 42.96300 43.09100 43.19500 43.27600 43.38000 43.48200 43.53300 43.56800 43.59900 43.59200 43.57200 43.56300 43.52600 43.49600 43.48700 43.48400 43.46900 43.43700 43.41100 43.32600 43.22200 43.07100 42.92500 42.76900 42.62900 42.50400 42.37300 42.20500 42.06500 41.89900 41.68600 41.48600 41.28800 41.09800 40.93400 40.80600 40.66500 40.51700 40.37800 40.29400 40.30800 40.28900 40.22800 40.14900 40.06800 39.98200
42.28800 42.26900 42.26300 42.27800 42.31300 42.36500 42.43400 42.51400 42.57900 42.61300 42.63500 42.63600 42.63400 42.62900 42.63600 42.68400 42.76900 42.88800 43.02400 43.14700 43.23900 43.36400 43.46900 43.54500 43.60500 43.64300 43.65000 43.63100 43.60900 43.57600 43.55400 43.52300 43.51600 43.52300 43.50400 43.41100 43.33300 43.23700 43.10400 42.95300 42.78700 42.63200 42.48600 42.35100 42.19500 42.05100 41.89000 41.68200 41.47500 41.26900 41.06800 40.88400 40.72500 40.58000 40.46100 40.38100 40.35700 40.35500 40.29300 40.19800 40.09500 39.99400 39.89800
42.28700 42.27000 42.27600 42.31400 42.36200 42.41100 42.46700 42.52600 42.58000 42.60300 42.60100 42.59900 42.58900 42.57200 42.57600 42.61800 42.70100 42.81800 42.96200 43.06000 43.17900 43.30800 43.40200 43.49800 43.54700 43.59000 43.62200 43.62900 43.62500 43.58700 43.55900 43.55100 43.53300 43.50900 43.50900 43.42000 43.30800 43.21000 43.11100 42.96100 42.79000 42.60800 42.47900 42.33500 42.19300 42.06200 41.87100 41.67800 41.44700 41.22900 41.00600 40.80500 40.62400 40.47800 40.37100 40.30200 40.26600 40.23600 40.18000 40.10100 40.00600 39.91000 39.82000
42.31600 42.30900 42.32800 42.37400 42.41600 42.46400 42.51100 42.54500 42.55700 42.56100 42.54400 42.53200 42.51400 42.49700 42.49000 42.52300 42.60200 42.70700 42.83200 42.97100 43.11800 43.22800 43.32000 43.41800 43.45800 43.50100 43.53000 43.55400 43.57000 43.54100 43.53700 43.52000 43.49600 43.45800 43.41300 43.36400 43.30000 43.17400 43.04200 42.92000 42.75100 42.58700 42.45700 42.33100 42.20200 42.04300 41.84800 41.63700 41.40000 41.16400 40.93000 40.71200 40.51600 40.35200 40.23000 40.15300 40.10500 40.06900 40.03100 39.97800 39.91200 39.82700 39.75100
42.33900 42.33900 42.36800 42.41100 42.44600 42.50100 42.52900 42.52000 42.52000 42.49000 42.46100 42.42500 42.39100 42.37200 42.37200 42.40800 42.49000 42.61600 42.74300 42.91900 43.04000 43.15700 43.26200 43.31800 43.37300 43.40500 43.43200 43.43200 43.43500 43.41500 43.41900 43.39700 43.37800 43.32000 43.25700 43.21400 43.15300 43.09100 42.93500 42.81800 42.66500 42.51300 42.38800 42.27100 42.15800 42.00100 41.79500 41.56800 41.33600 41.10800 40.87000 40.64400 40.43000 40.24400 40.10300 40.00900 39.95900 39.92900 39.89600 39.85300 39.80600 39.74700 39.67700
42.30200 42.31700 42.35200 42.39400 42.43000 42.46100 42.47200 42.45200 42.42700 42.38600 42.34400 42.29200 42.24400 42.21600 42.22600 42.28500 42.38600 42.52300 42.69900 42.84800 42.97300 43.09100 43.18100 43.22400 43.26300 43.26600 43.28900 43.28100 43.27100 43.25100 43.23100 43.19600 43.16200 43.12100 43.05600 42.98500 42.95300 42.88000 42.78300 42.64300 42.51800 42.38800 42.25000 42.12700 41.99700 41.85200 41.67200 41.48000 41.27000 41.05800 40.84300 40.63200 40.43700 40.25200 40.08500 39.97500 39.91400 39.86000 39.80900 39.76000 39.71500 39.66300 39.61300
42.20400 42.23700 42.27800 42.33300 42.37500 42.39800 42.38800 42.35200 42.29900 42.25500 42.21500 42.15900 42.09900 42.07300 42.09800 42.18600 42.31700 42.48600 42.65400 42.81300 42.92100 43.02300 43.10500 43.13900 43.12800 43.10800 43.08300 43.06800 43.06900 43.05400 43.03300 43.00700 42.94800 42.90200 42.85500 42.79500 42.71200 42.64500 42.55500 42.42500 42.31700 42.19100 42.05400 41.92400 41.79600 41.67100 41.52400 41.37000 41.20400 41.02600 40.84700 40.68000 40.53000 40.39900 40.28700 40.14600 39.97700 39.85500 39.76900 39.70700 39.65300 39.61200 39.57400
42.07200 42.12100 42.17800 42.23900 42.29900 42.33000 42.30300 42.22300 42.12000 42.04600 42.03500 41.99900 41.95400 41.94200 41.99500 42.10700 42.26900 42.44500 42.61100 42.74300 42.85800 42.94100 42.98700 42.98700 42.95500 42.91700 42.87400 42.84400 42.82700 42.82200 42.81200 42.78400 42.74100 42.70100 42.64400 42.58800 42.52100 42.43500 42.33800 42.20900 42.09500 41.96500 41.83900 41.70800 41.59000 41.47600 41.36700 41.25500 41.12100 40.98000 40.82400 40.68000 40.56200 40.46100 40.31900 40.11000 39.95900 39.84300 39.74900 39.67900 39.61500 39.57300 39.55300
41.93400 41.98500 42.05300 42.13100 42.19600 42.23000 42.20400 42.10000 41.97300 41.86600 41.82200 41.81700 41.82400 41.85400 41.93900 42.07700 42.23700 42.40500 42.56900 42.70700 42.79200 42.84300 42.85000 42.83000 42.77300 42.71600 42.64700 42.59600 42.57200 42.58500 42.58800 42.58400 42.54700 42.51600 42.47600 42.40300 42.30800 42.23900 42.14100 42.01400 41.88900 41.75800 41.63100 41.50800 41.39400 41.30000 41.21600 41.12900 41.02700 40.89200 40.73200 40.57600 40.44800 40.37600 40.31200 40.16100 39.99900 39.88800 39.78300 39.69000 39.61400 39.55700 39.52500
41.80500 41.86400 41.94500 42.04200 42.12600 42.16300 42.12700 42.03200 41.91900 41.81800 41.76400 41.75700 41.78900 41.85500 41.95800 42.09600 42.24100 42.37400 42.50100 42.61900 42.73300 42.79100 42.72900 42.70900 42.62500 42.53400 42.45800 42.39300 42.38800 42.39600 42.40600 42.39500 42.37100 42.33800 42.28600 42.21300 42.11500 42.04700 41.93900 41.82800 41.70900 41.57500 41.45500 41.33200 41.21900 41.12100 41.06100 41.00000 40.92200 40.79600 40.61100 40.39300 40.19600 40.07300 40.07200 40.09600 40.05000 39.96000 39.85100 39.72600 39.61100 39.52500 39.47100
41.69600 41.75800 41.85600 41.98100 42.09600 42.13500 42.08800 41.99500 41.89600 41.81500 41.77200 41.77700 41.82200 41.90100 42.00000 42.13200 42.24900 42.35200 42.44500 42.53800 42.60600 42.66300 42.64800 42.55300 42.52100 42.45100 42.36700 42.30100 42.27800 42.27100 42.26500 42.24100 42.21200 42.16700 42.10900 42.03600 41.95400 41.86500 41.76800 41.66200 41.55500 41.44300 41.32500 41.19400 41.06000 40.94700 40.89300 40.86600 40.82200 40.71300 40.50700 40.25100 40.03800 39.92800 39.95600 40.05100 40.09800 40.04400 39.90900 39.74200 39.59600 39.48200 39.40400
41.61500 41.65100 41.71800 41.83400 41.97400 42.03000 41.99200 41.92500 41.85900 41.81800 41.80900 41.83300 41.89600 41.97000 42.05600 42.14000 42.24200 42.31600 42.38300 42.45900 42.52200 42.55000 42.53800 42.48800 42.45900 42.39200 42.32400 42.25400 42.23100 42.20600 42.17200 42.12200 42.06100 42.00100 41.94600 41.88500 41.81400 41.73000 41.63200 41.52400 41.42900 41.33400 41.23600 41.11100 40.95400 40.81400 40.73700 40.70300 40.66700 40.57600 40.38200 40.15100 39.99200 39.94300 40.00900 40.12600 40.18600 40.11200 39.94100 39.74300 39.56100 39.42700 39.33400
41.60400 41.59000 41.56600 41.57000 41.64700 41.74700 41.79900 41.81000 41.81000 41.82300 41.86000 41.91300 41.97900 42.05300 42.12000 42.18200 42.23800 42.28900 42.33800 42.38400 42.42100 42.43000 42.45900 42.41100 42.38100 42.33300 42.26900 42.21700 42.18900 42.15500 42.09800 42.00800 41.91700 41.84600 41.80900 41.77800 41.72000 41.62700 41.51900 41.40500 41.31000 41.22000 41.11800 40.99200 40.85100 40.71400 40.61400 40.54400 40.47300 40.36900 40.22800 40.07600 39.97100 39.95200 40.00600 40.08600 40.11100 40.03300 39.87900 39.69100 39.52100 39.38400 39.28900
41.71700 41.70100 41.64800 41.57500 41.57200 41.64400 41.70900 41.76000 41.80700 41.85900 41.92700 42.00100 42.07000 42.14200 42.19300 42.22100 42.23600 42.25000 42.26800 42.31100 42.34100 42.36500 42.35100 42.34500 42.30300 42.25100 42.18400 42.12700 42.08500 42.03800 41.96300 41.85500 41.75800 41.70100 41.70400 41.71900 41.65700 41.54600 41.41000 41.27600 41.16100 41.05700 40.95000 40.82900 40.70600 40.58200 40.47400 40.38700 40.29400 40.19100 40.08100 39.97300 39.90800 39.89600 39.92400 39.96100 39.96500 39.90300 39.77900 39.62900 39.47700 39.35100 39.26900
41.90300 41.93900 41.96200 41.94500 41.86000 41.80100 41.79000 41.80800 41.84600 41.90300 41.98300 42.06900 42.13500 42.18900 42.23600 42.24400 42.22400 42.20600 42.20300 42.22800 42.27900 42.30500 42.29400 42.25800 42.22200 42.14700 42.07100 41.99000 41.91500 41.83800 41.75300 41.65900 41.58100 41.54100 41.56200 41.57400 41.51300 41.39300 41.25300 41.11200 40.98600 40.86900 40.76400 40.64900 40.53400 40.42200 40.31600 40.22500 40.13200 40.03900 39.94500 39.86700 39.82200 39.80800 39.83400 39.85500 39.85900 39.81700 39.71600 39.58300 39.45200 39.32900 39.25400
41.99100 42.03200 42.06500 42.05500 41.98400 41.91100 41.86700 41.86300 41.88700 41.93400 41.99300 42.05600 42.12700 42.18200 42.22800 42.22900 42.18300 42.12600 42.10800 42.14500 42.21800 42.24600 42.23400 42.18200 42.12600 42.03200 41.92900 41.82400 41.73100 41.63800 41.54500 41.46100 41.39200 41.35500 41.34200 41.32000 41.26500 41.16300 41.04100 40.91500 40.79900 40.68300 40.57700 40.46900 40.36100 40.26000 40.16100 40.06600 39.97900 39.89500 39.82200 39.76500 39.72900 39.72600 39.75900 39.80600 39.83200 39.80800 39.72800 39.59100 39.44200 39.31400 39.23900
41.88100 41.90000 41.91000 41.90000 41.88200 41.85900 41.84600 41.84900 41.86800 41.88600 41.92900 41.97800 42.02500 42.07700 42.11800 42.12300 42.07600 42.01800 41.99300 42.02300 42.10800 42.14500 42.12000 42.06500 41.97700 41.87100 41.75400 41.65200 41.55000 41.46000 41.37000 41.28400 41.21300 41.15200 41.10600 41.06500 41.00100 40.92300 40.82100 40.71600 40.61200 40.50600 40.40900 40.31300 40.22000 40.12600 40.03600 39.95100 39.86800 39.79200 39.72200 39.67300 39.63700 39.65200 39.71300 39.80400 39.88200 39.89100 39.80100 39.64300 39.46900 39.32500 39.24000
41.65500 41.64600 41.64600 41.65100 41.67400 41.70900 41.74400 41.76100 41.77100 41.78400 41.80300 41.82700 41.86400 41.89900 41.92400 41.92900 41.91000 41.88500 41.87900 41.89700 41.92600 41.93900 41.90800 41.85300 41.77000 41.67100 41.56400 41.47600 41.39100 41.30700 41.22500 41.14300 41.06200 40.99200 40.92800 40.85700 40.78900 40.71300 40.63100 40.53700 40.44500 40.36400 40.28500 40.19600 40.11400 40.02900 39.94600 39.87500 39.79600 39.72200 39.66300 39.61900 39.58500 39.59000 39.65000 39.78500 39.92900 39.96600 39.84200 39.66100 39.46900 39.33700 39.24700
41.44100 41.41500 41.38800 41.38800 41.44600 41.54400 41.62300 41.65500 41.66200 41.66000 41.66600 41.68200 41.70800 41.73300 41.75200 41.76100 41.75900 41.75400 41.74600 41.74400 41.73900 41.72000 41.67600 41.61000 41.53300 41.45300 41.37700 41.30200 41.23500 41.16900 41.09900 41.03200 40.95600 40.87700 40.79600 40.71400 40.63300 40.55500 40.47900 40.39300 40.31400 40.24400 40.17000 40.10200 40.02500 39.95200 39.88000 39.81300 39.74700 39.69600 39.64600 39.60000 39.57500 39.56700 39.59400 39.65300 39.71100 39.70800 39.62000 39.51200 39.40300 39.30300 39.25300
41.37300 41.31500 41.24200 41.21000 41.27600 41.40100 41.50100 41.53900 41.54600 41.54900 41.56100 41.58000 41.60600 41.63000 41.64500 41.64800 41.63300 41.61400 41.59500 41.56000 41.53200 41.50100 41.43400 41.36700 41.29700 41.23100 41.17600 41.12700 41.08400 41.03700 40.98900 40.93600 40.87000 40.79000 40.69600 40.60600 40.52100 40.43900 40.35900 40.27800 40.21800 40.15600 40.08800 40.01900 39.95200 39.88900 39.82200 39.76600 39.71700 39.67000 39.63700 39.60400 39.58300 39.56800 39.55800 39.53000 39.47500 39.40700 39.37800 39.35100 39.30900 39.26200 39.22900
41.33500 41.27100 41.19700 41.16200 41.19200 41.27300 41.36000 41.40800 41.42700 41.44900 41.47800 41.51400 41.54700 41.56900 41.56100 41.54500 41.51500 41.48600 41.43400 41.38500 41.32900 41.26800 41.20000 41.13400 41.07400 41.02500 40.98600 40.95200 40.92700 40.90000 40.86300 40.82100 40.76800 40.69100 40.60900 40.52300 40.43300 40.35100 40.27000 40.20200 40.13300 40.07800 40.02200 39.95900 39.89300 39.83200 39.77000 39.72300 39.67500 39.64100 39.61500 39.60100 39.59100 39.58700 39.58800 39.58300 39.53700 39.46300 39.38800 39.31900 39.28300 39.24100 39.21500
