GISDATA/EGG97_QGRJ_SfASCII.grd
DSAA
320 160
    19.93062199999999960     30.56394470000000040
    43.39235730000000050     48.69235199999999960
27.01600 46.26400
[rows 0 to 27 of 160, columns 189 to 251 of 320]
39.54900 39.51700 39.48900 39.46200 39.42900 39.39300 39.35100 39.30300 39.25200 39.20100 39.14700 39.09700 39.05100 39.00700 38.96700 38.92700 38.89000 38.84900 38.80400 38.74400 38.67800 38.60600 38.53800 38.46600 38.39300 38.31900 38.24800 38.18100 38.11900 38.06000 38.00000 37.94200 37.88300 37.82100 37.75000 37.67600 37.59900 37.51900 37.43800 37.35900 37.27600 37.19300 37.11100 37.02200 36.92500 36.81800 36.70000 36.57200 36.43600 36.29800 36.15700 36.01300 35.85900 35.70600 35.55700 35.40900 35.27100 35.13900 35.01200 34.88200 34.75200 34.61700 34.48500
39.48200 39.45200 39.42500 39.39800 39.36900 39.33400 39.29400 39.24400 39.19900 39.15200 39.10400 39.05600 39.01100 38.97300 38.93800 38.90600 38.87600 38.83600 38.79400 38.74100 38.67500 38.60500 38.53900 38.47300 38.40300 38.33200 38.26000 38.19400 38.13300 38.06800 38.01100 37.95600 37.89500 37.82600 37.75200 37.67400 37.59500 37.51700 37.44000 37.35600 37.27400 37.19200 37.10300 37.01300 36.92100 36.81800 36.70700 36.58400 36.45300 36.32100 36.18500 36.05000 35.90900 35.76600 35.63100 35.49800 35.36600 35.23900 35.10600 34.97500 34.83900 34.70600 34.57600
39.39700 39.37500 39.35300 39.32500 39.28900 39.25100 39.20900 39.17100 39.12800 39.08100 39.03900 38.99500 38.95500 38.92200 38.89000 38.86700 38.84200 38.80800 38.76700 38.71900 38.65600 38.59200 38.52800 38.46700 38.39500 38.32600 38.25400 38.19000 38.13300 38.06300 38.00400 37.94600 37.88100 37.80700 37.73000 37.65000 37.56800 37.49300 37.41700 37.34100 37.25700 37.17500 37.08700 37.00000 36.91300 36.81900 36.71100 36.59800 36.47500 36.34700 36.21400 36.08300 35.95400 35.82700 35.70200 35.57800 35.45100 35.32400 35.19300 35.06100 34.92700 34.79300 34.66200
39.30700 39.28800 39.26600 39.22700 39.18900 39.14800 39.10600 39.06900 39.03200 38.99300 38.95600 38.92000 38.88900 38.86100 38.83400 38.81100 38.78600 38.75500 38.71500 38.67000 38.61000 38.55000 38.49400 38.43300 38.36400 38.29900 38.23200 38.16500 38.10000 38.03400 37.97200 37.90900 37.84000 37.76500 37.68300 37.60300 37.52500 37.45100 37.37900 37.30700 37.23100 37.14900 37.06200 36.97800 36.89400 36.80300 36.70500 36.59900 36.48300 36.36000 36.23500 36.11200 35.98900 35.87000 35.75200 35.63100 35.50900 35.38300 35.25400 35.12500 34.99400 34.86400 34.73300
39.21200 39.19000 39.15900 39.12200 39.08500 39.04000 38.99900 38.96200 38.92800 38.89700 38.86700 38.83500 38.80700 38.78200 38.75700 38.73200 38.70800 38.67900 38.64000 38.59200 38.53900 38.48300 38.42400 38.36600 38.30200 38.23500 38.16900 38.09700 38.03400 37.97200 37.91400 37.85200 37.78400 37.70700 37.62800 37.54900 37.47400 37.40200 37.33400 37.26400 37.19300 37.11400 37.02900 36.94500 36.86600 36.77700 36.68100 36.58100 36.46900 36.35100 36.23300 36.11700 36.00100 35.88900 35.77400 35.65900 35.53700 35.41500 35.29000 35.16800 35.04300 34.91700 34.79000
39.10200 39.07600 39.04700 39.01200 38.97400 38.93200 38.89400 38.85700 38.82400 38.79900 38.77300 38.74900 38.72200 38.69500 38.67200 38.64700 38.61900 38.58400 38.54300 38.49500 38.44400 38.39000 38.33400 38.27700 38.21700 38.15100 38.08300 38.01600 37.95300 37.89300 37.83500 37.77300 37.70700 37.63500 37.56100 37.48900 37.41800 37.35300 37.28600 37.21800 37.14900 37.07100 36.99200 36.91100 36.82600 36.73600 36.64100 36.54000 36.43300 36.32200 36.21300 36.10700 35.99900 35.89200 35.78200 35.66900 35.55200 35.43400 35.31400 35.19700 35.07800 34.95900 34.83600
38.97900 38.95300 38.92600 38.89900 38.86800 38.82900 38.79300 38.76100 38.73200 38.70700 38.68200 38.65800 38.63300 38.60500 38.57500 38.54700 38.51500 38.47800 38.43800 38.39100 38.34000 38.28800 38.23200 38.17600 38.11700 38.05400 37.98900 37.92500 37.86200 37.80300 37.74500 37.68400 37.61900 37.55300 37.48600 37.42100 37.35800 37.29400 37.23000 37.16200 37.09300 37.01800 36.94200 36.86500 36.77900 36.69100 36.59700 36.49800 36.39300 36.29000 36.18900 36.09100 35.99200 35.89000 35.78300 35.67400 35.56000 35.44700 35.33300 35.22000 35.10700 34.99100 34.87400
38.84800 38.82800 38.80500 38.78300 38.75700 38.72900 38.69800 38.66500 38.63800 38.61300 38.58800 38.56000 38.53100 38.50100 38.46600 38.43300 38.39800 38.35900 38.32100 38.27900 38.23400 38.18300 38.12900 38.07300 38.01400 37.95100 37.89000 37.83200 37.77000 37.70700 37.64500 37.58500 37.52300 37.46100 37.40300 37.34300 37.28600 37.22700 37.16400 37.09700 37.02800 36.96000 36.88700 36.81100 36.73000 36.64400 36.55100 36.45400 36.35700 36.26100 36.17000 36.07700 35.98400 35.88600 35.78200 35.67400 35.56400 35.45400 35.34400 35.23600 35.12600 35.01600 34.90200
38.72100 38.70100 38.68400 38.66300 38.64300 38.61700 38.58800 38.55800 38.53400 38.50700 38.47900 38.45100 38.41800 38.38200 38.34800 38.31100 38.27500 38.23800 38.20000 38.16300 38.12000 38.07200 38.02000 37.96600 37.90600 37.84700 37.78700 37.72800 37.66800 37.60500 37.54200 37.48100 37.42200 37.36700 37.31400 37.26200 37.20900 37.15100 37.08600 37.02100 36.95500 36.89100 36.82100 36.75000 36.67400 36.59100 36.50400 36.41000 36.32000 36.23200 36.14500 36.05800 35.96800 35.87100 35.76900 35.66400 35.55500 35.44900 35.34200 35.23700 35.13000 35.02400 34.92000
38.60700 38.58700 38.57000 38.54700 38.52300 38.49800 38.47200 38.44200 38.41500 38.38600 38.35900 38.32900 38.29700 38.26100 38.22400 38.18800 38.15100 38.11200 38.07700 38.03700 37.99600 37.95000 37.89900 37.84400 37.79000 37.73200 37.67500 37.61700 37.55900 37.50000 37.43700 37.37600 37.31900 37.26900 37.22200 37.17200 37.12200 37.06900 37.00800 36.94100 36.88000 36.81300 36.74700 36.67900 36.60700 36.52900 36.44600 36.35900 36.27300 36.19200 36.11100 36.02700 35.94000 35.84500 35.74400 35.64100 35.53700 35.43200 35.32700 35.22300 35.11800 35.01600 34.92000
38.49900 38.48000 38.45500 38.43100 38.40800 38.37800 38.35000 38.32200 38.29500 38.26700 38.23900 38.20800 38.17400 38.14000 38.10200 38.06400 38.02500 37.98200 37.94300 37.90300 37.86000 37.81500 37.76700 37.71600 37.66500 37.61100 37.55900 37.50300 37.44600 37.38800 37.33100 37.27300 37.22000 37.17000 37.12600 37.08000 37.03100 36.97800 36.92200 36.85800 36.79400 36.72900 36.66600 36.60000 36.53100 36.45500 36.37400 36.29400 36.21600 36.13900 36.06400 35.98600 35.90100 35.81200 35.71500 35.61700 35.51600 35.41100 35.30200 35.19600 35.09000 34.99400 34.90600
38.38000 38.36200 38.33800 38.31600 38.28800 38.25700 38.22700 38.19900 38.16800 38.14000 38.11000 38.08200 38.04600 38.01100 37.97200 37.93100 37.89500 37.85000 37.80800 37.76500 37.72100 37.67600 37.62900 37.58100 37.53200 37.48600 37.43700 37.38600 37.33300 37.28100 37.22400 37.17100 37.11800 37.06900 37.02700 36.98100 36.93200 36.88000 36.82400 36.76300 36.70300 36.64100 36.58100 36.51500 36.44700 36.37600 36.29900 36.22400 36.15100 36.08100 36.01200 35.93900 35.86300 35.78100 35.69300 35.60200 35.50500 35.40000 35.28400 35.16500 35.05600 34.96500 34.88900
38.25100 38.23300 38.21200 38.18900 38.16100 38.13300 38.10100 38.06800 38.03300 38.00300 37.97000 37.93700 37.90100 37.86600 37.82600 37.78600 37.74600 37.70800 37.66400 37.62300 37.58000 37.53900 37.49300 37.44800 37.40300 37.35900 37.31500 37.26700 37.22000 37.17000 37.11800 37.06400 37.01200 36.96400 36.91900 36.87400 36.82400 36.77500 36.72000 36.66300 36.60600 36.55200 36.49300 36.43200 36.36800 36.29900 36.22900 36.15700 36.08800 36.02300 35.96100 35.89500 35.82800 35.75900 35.68600 35.61100 35.52600 35.42500 35.30000 35.15600 35.02400 34.93400 34.87400
38.11500 38.09700 38.07600 38.05800 38.03100 37.99900 37.96600 37.93100 37.89200 37.85300 37.81500 37.77700 37.73900 37.70200 37.66400 37.62800 37.59500 37.55500 37.51700 37.48000 37.44000 37.39900 37.35800 37.31400 37.27300 37.23400 37.19000 37.14500 37.10200 37.05500 37.00700 36.95600 36.90300 36.85300 36.80800 36.76200 36.71400 36.66700 36.61800 36.56500 36.51100 36.46100 36.40400 36.34600 36.28700 36.22400 36.15900 36.09200 36.02800 35.96600 35.90600 35.85000 35.79300 35.73900 35.68800 35.64000 35.58800 35.51500 35.39800 35.22600 35.03900 34.91800 34.84900
37.98300 37.96300 37.94100 37.92300 37.89800 37.86400 37.82700 37.78600 37.74200 37.69800 37.65300 37.60900 37.57000 37.53000 37.49800 37.46300 37.43200 37.40000 37.36800 37.33200 37.29700 37.25900 37.21700 37.18000 37.13900 37.10100 37.06000 37.01800 36.97800 36.93700 36.89000 36.84300 36.79100 36.74500 36.69800 36.65500 36.61100 36.56600 36.52000 36.47000 36.42500 36.37200 36.31800 36.26300 36.20700 36.15200 36.08800 36.02500 35.96300 35.90300 35.84600 35.79400 35.74800 35.70800 35.68200 35.66800 35.66400 35.65400 35.60600 35.47000 35.23100 34.98300 34.79400
37.87200 37.83600 37.81300 37.79700 37.76800 37.73300 37.68800 37.63900 37.59100 37.54200 37.49500 37.44900 37.40400 37.36600 37.33200 37.30200 37.27400 37.24700 37.21900 37.18600 37.15200 37.11700 37.08300 37.04200 37.00300 36.96400 36.92100 36.88300 36.84900 36.81200 36.77100 36.72800 36.68600 36.64200 36.59500 36.55100 36.51100 36.47100 36.42700 36.38200 36.33700 36.29100 36.23700 36.18300 36.13000 36.07300 36.01300 35.95300 35.89000 35.83000 35.77300 35.72200 35.68200 35.65300 35.64300 35.65300 35.68400 35.72700 35.75200 35.68900 35.42700 35.07500 34.78100
37.74700 37.71600 37.69100 37.67200 37.64100 37.60100 37.55500 37.50500 37.44900 37.39700 37.34500 37.29600 37.24900 37.20900 37.17600 37.14700 37.12200 37.10000 37.07200 37.04200 37.00700 36.97200 36.93900 36.90100 36.86200 36.82400 36.78800 36.75000 36.71700 36.69400 36.65700 36.62800 36.58900 36.54900 36.50300 36.45500 36.41400 36.37500 36.33500 36.30200 36.26100 36.21600 36.17200 36.11500 36.05900 36.00200 35.93900 35.87500 35.81100 35.74800 35.68900 35.63700 35.59500 35.56900 35.55400 35.56300 35.58900 35.62100 35.62700 35.54800 35.33600 35.04400 34.76900
37.62400 37.58900 37.56400 37.54100 37.51200 37.47500 37.42900 37.37900 37.32200 37.26500 37.20400 37.14500 37.09600 37.05400 37.02300 37.00000 36.97900 36.95700 36.93600 36.90600 36.87300 36.83500 36.80500 36.76500 36.72400 36.69200 36.65800 36.62700 36.60300 36.57900 36.56200 36.53500 36.50300 36.46400 36.41900 36.36200 36.31600 36.28100 36.25000 36.22200 36.19000 36.15200 36.11000 36.05700 35.99800 35.93500 35.86800 35.79800 35.73000 35.66200 35.60000 35.54100 35.49300 35.45300 35.42600 35.41300 35.40600 35.39600 35.35600 35.25600 35.08600 34.87400 34.66700
37.47000 37.44200 37.42800 37.41500 37.39400 37.36500 37.32400 37.27500 37.21200 37.14100 37.06600 36.99400 36.93700 36.89900 36.87300 36.85800 36.84200 36.82800 36.81200 36.78700 36.75300 36.72000 36.68500 36.64200 36.59800 36.56400 36.53100 36.50200 36.48400 36.47600 36.46600 36.45800 36.43700 36.39800 36.35100 36.27900 36.21900 36.17900 36.15200 36.13500 36.11600 36.09000 36.05800 36.00700 35.94600 35.87000 35.79200 35.71700 35.64600 35.57700 35.50800 35.44300 35.38600 35.33200 35.28400 35.24300 35.20200 35.15100 35.08000 34.97200 34.83100 34.66700 34.51600
37.29400 37.29100 37.30000 37.30000 37.28900 37.26700 37.23700 37.19000 37.11800 37.02800 36.93100 36.84300 36.78200 36.74800 36.73600 36.72600 36.72000 36.71200 36.70100 36.68600 36.65900 36.62600 36.58500 36.53000 36.47900 36.44000 36.40200 36.37700 36.36600 36.36700 36.37500 36.39000 36.39600 36.36100 36.30000 36.19200 36.10900 36.06000 36.03700 36.03300 36.02100 36.01500 35.98700 35.94000 35.86900 35.78200 35.69900 35.62000 35.55200 35.48500 35.41100 35.34200 35.27600 35.21600 35.15100 35.08800 35.02100 34.94600 34.85700 34.74600 34.61700 34.48200 34.36000
37.09000 37.13700 37.18900 37.20000 37.18200 37.16100 37.14400 37.10500 37.02200 36.92400 36.82700 36.73600 36.66800 36.64800 36.63900 36.62400 36.60900 36.60500 36.60800 36.60400 36.58700 36.54900 36.49300 36.42100 36.35700 36.30800 36.27300 36.24700 36.24300 36.24700 36.26800 36.31100 36.36600 36.36500 36.26100 36.10000 35.98100 35.92900 35.91800 35.90900 35.91700 35.91100 35.86500 35.79600 35.72000 35.64100 35.56700 35.50000 35.43600 35.37500 35.31100 35.24300 35.17600 35.11300 35.04500 34.96900 34.88900 34.80100 34.70300 34.59100 34.47200 34.35100 34.25000
36.86100 36.99600 37.08600 37.08000 37.03800 36.99800 36.97000 36.92800 36.85300 36.78600 36.74900 36.72600 36.68900 36.63800 36.58100 36.53500 36.50700 36.50000 36.51200 36.52800 36.53000 36.48900 36.39700 36.29300 36.20900 36.15900 36.13400 36.11800 36.11900 36.12600 36.13200 36.15900 36.28500 36.37900 36.22600 35.97200 35.83800 35.81300 35.81700 35.80000 35.77900 35.75700 35.68600 35.58600 35.51800 35.46600 35.41800 35.36700 35.31800 35.26800 35.21700 35.16100 35.09900 35.03700 34.97400 34.89800 34.81100 34.71700 34.61300 34.50200 34.39300 34.28900 34.20700
36.73000 36.84300 36.92200 36.91100 36.85300 36.79400 36.74100 36.67900 36.61800 36.59000 36.61300 36.64200 36.62900 36.56400 36.48600 36.41900 36.37800 36.36600 36.38800 36.43200 36.45900 36.41400 36.26300 36.11700 36.03400 35.99700 35.98200 35.98200 35.99100 36.00200 36.00200 35.97200 36.05500 36.16400 36.05300 35.85200 35.74000 35.72700 35.73900 35.71300 35.65500 35.59000 35.50900 35.42600 35.36500 35.32000 35.28700 35.25500 35.21800 35.18300 35.14100 35.09200 35.03800 34.98400 34.93000 34.86300 34.78000 34.68000 34.57100 34.45900 34.35200 34.25700 34.18300
36.69100 36.72600 36.75700 36.74500 36.69400 36.62500 36.55300 36.48600 36.43400 36.41100 36.42200 36.43600 36.42400 36.37900 36.31600 36.25800 36.21600 36.20000 36.21700 36.25700 36.28600 36.23200 36.02400 35.91200 35.88000 35.87200 35.86900 35.86300 35.86300 35.86800 35.86300 35.83900 35.82100 35.80500 35.75500 35.68100 35.63000 35.63100 35.64600 35.61400 35.53400 35.44400 35.36100 35.29000 35.23700 35.20600 35.18100 35.16000 35.13900 35.11800 35.08500 35.03900 34.99100 34.94300 34.89300 34.84000 34.76800 34.66600 34.55000 34.43500 34.33100 34.23900 34.17000
36.65100 36.65200 36.65000 36.62300 36.56600 36.49100 36.41200 36.34100 36.29200 36.25300 36.23600 36.22300 36.20000 36.16000 36.11100 36.06800 36.02600 36.00800 36.00900 36.02200 36.03800 36.01600 35.93400 35.86800 35.85500 35.85400 35.83300 35.79200 35.75500 35.74500 35.75600 35.76500 35.73900 35.65900 35.60000 35.53800 35.48800 35.52000 35.57500 35.51800 35.40600 35.30200 35.22700 35.17200 35.13400 35.11500 35.09900 35.08400 35.07200 35.05700 35.02700 34.98200 34.93100 34.88300 34.83400 34.78800 34.72400 34.62700 34.52000 34.41900 34.32500 34.24500 34.18200
36.61300 36.58900 36.54900 36.50000 36.43300 36.35900 36.28700 36.21700 36.15600 36.10600 36.06800 36.03200 35.99200 35.94900 35.90500 35.86300 35.83000 35.80900 35.80300 35.81100 35.83200 35.85200 35.86400 35.88700 35.92700 35.94000 35.88400 35.77900 35.68900 35.65200 35.68600 35.76000 35.82300 35.78400 35.61500 35.44100 35.33400 35.37900 35.51600 35.38200 35.24400 35.15200 35.09500 35.06000 35.04600 35.04000 35.03300 35.02000 34.99900 34.97300 34.94000 34.89700 34.84600 34.79700 34.75100 34.69800 34.63600 34.55500 34.47000 34.38500 34.31000 34.25100 34.20500
36.60400 36.50400 36.40200 36.31700 36.25500 36.20900 36.15700 36.09400 36.02600 35.96500 35.91000 35.85600 35.80600 35.75600 35.70800 35.66600 35.63500 35.61700 35.61400 35.62700 35.65600 35.69900 35.75800 35.83600 35.92100 35.96300 35.87800 35.73600 35.61900 35.56700 35.58200 35.65000 35.68600 35.63200 35.46900 35.28600 35.16300 35.14800 35.20000 35.16100 35.07300 35.01000 34.98000 34.97500 34.98500 34.99400 34.98900 34.96800 34.93400 34.88900 34.84300 34.79700 34.75400 34.71000 34.66200 34.61100 34.54900 34.48100 34.40900 34.33900 34.27300 34.22100 34.18000
36.45700 36.32400 36.19000 36.08200 36.03700 36.03200 36.00500 35.94500 35.87800 35.81600 35.76100 35.70100 35.63900 35.57900 35.52300 35.47800 35.44500 35.42700 35.42200 35.43500 35.46400 35.51000 35.57500 35.64500 35.70200 35.70800 35.63800 35.53800 35.46300 35.42900 35.43400 35.43200 35.38900 35.29700 35.17800 35.06200 34.97400 34.93600 34.93300 34.92300 34.89800 34.88000 34.88200 34.90200 34.93800 34.96600 34.96600 34.93000 34.86800 34.80500 34.75100 34.70600 34.66900 34.63500 34.59400 34.54100 34.47900 34.41100 34.34500 34.27800 34.22100 34.17300 34.13100
