GISDATA/zitaBucx_SfASCII.grd
DSAA
71 67
    25.95671898000000160     26.24838588000000070
    44.32533743999999840     44.60033766000000100
34.47410 36.57580
[rows 28 to 55 of 67, columns 0 to 62 of 71]
35.88600 35.87590 35.86800 35.86240 35.85430 35.84300 35.83310 35.82310 35.81300 35.80490 35.79920 35.79130 35.78650 35.77810 35.76810 35.75780 35.74790 35.73970 35.73390 35.72580 35.72050 35.71280 35.70310 35.69280 35.68330 35.67540 35.66980 35.66200 35.65780 35.64910 35.64060 35.62950 35.62090 35.61320 35.60760 35.60080 35.59570 35.58810 35.57960 35.56970 35.56140 35.55510 35.54950 35.54270 35.53820 35.53190 35.52320 35.51420 35.50560 35.50050 35.49520 35.48940 35.48610 35.47990 35.47250 35.46380 35.45640 35.45130 35.44700 35.44130 35.43820 35.43290 35.42540
35.86000 35.85200 35.84450 35.83650 35.82870 35.81250 35.80670 35.79690 35.78800 35.78130 35.77320 35.76550 35.75430 35.74770 35.74140 35.73130 35.72240 35.71500 35.70790 35.70040 35.68800 35.68270 35.67670 35.66590 35.65830 35.65080 35.64390 35.63650 35.62550 35.61910 35.61310 35.60350 35.59570 35.58840 35.58160 35.57500 35.56360 35.55800 35.55340 35.54380 35.53620 35.53020 35.52330 35.51680 35.50750 35.50190 35.49690 35.48810 35.48060 35.47560 35.46980 35.46440 35.45460 35.45020 35.44660 35.43820 35.43190 35.42690 35.42220 35.41690 35.40820 35.40420 35.40060
35.84630 35.83930 35.83200 35.82170 35.81550 35.80050 35.79430 35.78180 35.77490 35.76810 35.75720 35.74930 35.74160 35.73480 35.72750 35.71580 35.70880 35.70130 35.69160 35.68380 35.67540 35.66990 35.66300 35.65030 35.64420 35.63710 35.62650 35.62000 35.61170 35.60600 35.59890 35.58750 35.58040 35.57430 35.56470 35.55770 35.55050 35.54450 35.53840 35.52730 35.52130 35.51520 35.50600 35.50020 35.49380 35.48790 35.48250 35.47160 35.46710 35.46090 35.45260 35.44800 35.44180 35.43700 35.43190 35.42260 35.41800 35.41290 35.40460 35.40120 35.39500 35.38990 35.38580
35.82070 35.81090 35.80480 35.79770 35.78750 35.77190 35.76510 35.75620 35.74590 35.74050 35.73220 35.72140 35.71340 35.70630 35.69870 35.69020 35.68000 35.67400 35.66590 35.65650 35.64770 35.64100 35.63440 35.62500 35.61470 35.60970 35.60170 35.59250 35.58400 35.57820 35.57040 35.56230 35.55220 35.54710 35.54010 35.53020 35.52280 35.51680 35.51000 35.50210 35.49320 35.48830 35.48130 35.47370 35.46590 35.46030 35.45450 35.44700 35.43930 35.43590 35.43000 35.42140 35.41450 35.40980 35.40400 35.39850 35.39070 35.38730 35.38150 35.37520 35.36870 35.36360 35.35880
35.78610 35.77770 35.77130 35.76290 35.75470 35.73840 35.73080 35.72100 35.71260 35.70620 35.69690 35.68890 35.67920 35.67350 35.66430 35.65440 35.64730 35.64040 35.63120 35.62430 35.61510 35.60850 35.60000 35.59040 35.58240 35.57630 35.56740 35.55930 35.55100 35.54410 35.53590 35.52700 35.51990 35.51380 35.50510 35.49810 35.48980 35.48390 35.47590 35.46820 35.46120 35.45490 35.44730 35.44140 35.43370 35.42910 35.42160 35.41510 35.40820 35.40320 35.39680 35.39100 35.38370 35.37890 35.37250 35.36570 35.35970 35.35530 35.34890 35.34340 35.33740 35.33220 35.32670
35.75870 35.75090 35.74290 35.73580 35.72750 35.71070 35.70520 35.69350 35.68470 35.67710 35.67000 35.66180 35.65060 35.64510 35.63900 35.62750 35.61860 35.61140 35.60450 35.59640 35.58650 35.58020 35.57400 35.56360 35.55480 35.54660 35.54060 35.53240 35.52240 35.51570 35.51080 35.49960 35.49200 35.48490 35.47810 35.47100 35.46130 35.45550 35.45080 35.44070 35.43320 35.42620 35.42040 35.41450 35.40580 35.40130 35.39720 35.38840 35.38200 35.37520 35.37030 35.36440 35.35600 35.35130 35.34890 35.34000 35.33350 35.32750 35.32340 35.31770 35.31050 35.30560 35.30290
35.74580 35.73390 35.72640 35.72090 35.71320 35.69990 35.68950 35.67920 35.66650 35.65910 35.65470 35.64710 35.64030 35.63310 35.62340 35.61310 35.60050 35.59340 35.58900 35.58160 35.57490 35.56860 35.55770 35.54760 35.53640 35.52900 35.52370 35.51710 35.51020 35.50380 35.49280 35.48390 35.47300 35.46590 35.46150 35.45490 35.44950 35.44320 35.43370 35.42490 35.41420 35.40810 35.40480 35.39850 35.39350 35.38890 35.38090 35.37230 35.36290 35.35790 35.35450 35.34900 35.34450 35.33920 35.33140 35.32380 35.31540 35.31020 35.30760 35.30210 35.29840 35.29290 35.28600
35.71800 35.70750 35.70060 35.69400 35.68670 35.67070 35.66250 35.65070 35.64030 35.63350 35.62800 35.62060 35.61220 35.60370 35.59560 35.58450 35.57460 35.56770 35.56240 35.55520 35.54690 35.53820 35.53090 35.51910 35.50930 35.50320 35.49680 35.49090 35.48250 35.47450 35.46620 35.45580 35.44600 35.43990 35.43470 35.42920 35.42230 35.41460 35.40740 35.39710 35.38830 35.38250 35.37830 35.37320 35.36760 35.36070 35.35460 35.34570 35.33700 35.33230 35.32790 35.32340 35.31730 35.31180 35.30580 35.29700 35.29030 35.28560 35.28130 35.27760 35.27250 35.26570 35.26090
35.68370 35.67290 35.66530 35.65840 35.65030 35.63830 35.62830 35.61680 35.60620 35.59880 35.59180 35.58470 35.57880 35.57110 35.56120 35.55080 35.54030 35.53320 35.52630 35.51930 35.51350 35.50530 35.49560 35.48520 35.47490 35.46860 35.46200 35.45400 35.44920 35.44090 35.43250 35.42230 35.41200 35.40600 35.40040 35.39380 35.38930 35.38220 35.37380 35.36380 35.35450 35.34860 35.34420 35.33760 35.33450 35.32820 35.32110 35.31220 35.30410 35.29930 35.29480 35.28910 35.28540 35.27980 35.27340 35.26460 35.25660 35.25290 35.24840 35.24370 35.24000 35.23500 35.22860
35.65770 35.64850 35.64120 35.63320 35.62540 35.60840 35.60240 35.59100 35.58190 35.57460 35.56680 35.56010 35.54760 35.54150 35.53540 35.52400 35.51590 35.50870 35.50110 35.49350 35.48210 35.47580 35.46970 35.45940 35.45040 35.44330 35.43650 35.42890 35.41810 35.41170 35.40670 35.39670 35.38770 35.38190 35.37520 35.36890 35.35850 35.35310 35.34820 35.33830 35.33040 35.32570 35.31900 35.31360 35.30400 35.29970 35.29630 35.28640 35.27950 35.27510 35.26930 35.26390 35.25610 35.25150 35.24770 35.23980 35.23300 35.22940 35.22380 35.21940 35.21070 35.20680 35.20410
35.64370 35.63640 35.62920 35.61820 35.61060 35.59680 35.59020 35.57700 35.56940 35.56230 35.55140 35.54340 35.53620 35.52940 35.52300 35.50960 35.50210 35.49600 35.48540 35.47700 35.46890 35.46300 35.45660 35.44360 35.43720 35.43000 35.42060 35.41250 35.40550 35.39850 35.39320 35.38060 35.37450 35.36830 35.35890 35.35240 35.34540 35.33930 35.33390 35.32240 35.31750 35.31160 35.30230 35.29710 35.29140 35.28550 35.28100 35.27100 35.26610 35.26110 35.25290 35.24780 35.24160 35.23750 35.23310 35.22300 35.21890 35.21380 35.20690 35.20280 35.19660 35.19230 35.18910
35.61910 35.60850 35.60280 35.59470 35.58450 35.56890 35.56180 35.55150 35.54100 35.53510 35.52700 35.51650 35.50830 35.50170 35.49440 35.48450 35.47410 35.46900 35.46080 35.45030 35.44100 35.43530 35.42800 35.41840 35.40930 35.40320 35.39600 35.38590 35.37790 35.37130 35.36500 35.35670 35.34680 35.34180 35.33470 35.32580 35.31770 35.31230 35.30590 35.29780 35.29000 35.28520 35.27910 35.27070 35.26390 35.25970 35.25420 35.24630 35.23840 35.23490 35.22990 35.22240 35.21520 35.21070 35.20630 35.19880 35.19190 35.18850 35.18340 35.17740 35.17020 35.16640 35.16200
35.58350 35.57480 35.56800 35.55980 35.55180 35.53530 35.52640 35.51610 35.50740 35.50070 35.49190 35.48480 35.47420 35.46830 35.45930 35.44900 35.44060 35.43490 35.42600 35.41770 35.40710 35.40200 35.39340 35.38330 35.37620 35.36940 35.36180 35.35380 35.34450 35.33840 35.33120 35.32240 35.31430 35.30850 35.30100 35.29410 35.28480 35.27970 35.27350 35.26490 35.25770 35.25280 35.24560 35.24010 35.23090 35.22720 35.22110 35.21380 35.20760 35.20260 35.19620 35.19160 35.18330 35.17940 35.17420 35.16650 35.16130 35.15610 35.15070 35.14630 35.13830 35.13500 35.12960
35.55680 35.54670 35.53980 35.53270 35.52500 35.50790 35.50050 35.48960 35.47970 35.47210 35.46600 35.45810 35.44610 35.44090 35.43330 35.42240 35.41260 35.40620 35.39910 35.39120 35.37940 35.37510 35.36780 35.35700 35.34850 35.34120 35.33520 35.32740 35.31710 35.31180 35.30580 35.29610 35.28760 35.28050 35.27430 35.26760 35.25830 35.25410 35.24810 35.23850 35.23130 35.22530 35.22020 35.21370 35.20480 35.20190 35.19680 35.18850 35.18110 35.17600 35.17060 35.16480 35.15700 35.15390 35.14960 35.14110 35.13470 35.12930 35.12510 35.12050 35.11180 35.10970 35.10510
35.54450 35.53150 35.52430 35.51940 35.51160 35.49680 35.48720 35.47700 35.46390 35.45670 35.45160 35.44370 35.43670 35.42970 35.41880 35.40860 35.39640 35.38950 35.38450 35.37670 35.37070 35.36380 35.35280 35.34390 35.33110 35.32400 35.32000 35.31230 35.30660 35.30070 35.29020 35.28130 35.26970 35.26350 35.25950 35.25280 35.24720 35.24150 35.23210 35.22440 35.21320 35.20830 35.20430 35.19870 35.19430 35.18970 35.18030 35.17280 35.16350 35.15820 35.15500 35.14930 35.14570 35.14070 35.13260 35.12570 35.11670 35.11120 35.10900 35.10460 35.09990 35.09560 35.08880
35.51670 35.50520 35.49920 35.49280 35.48530 35.46850 35.46030 35.44890 35.43760 35.43130 35.42500 35.41740 35.40880 35.40060 35.39300 35.38120 35.37020 35.36380 35.35750 35.35140 35.34300 35.33450 35.32600 35.31550 35.30450 35.29910 35.29270 35.28680 35.27890 35.27160 35.26400 35.25390 35.24290 35.23730 35.23190 35.22630 35.21950 35.21350 35.20610 35.19650 35.18770 35.18220 35.17780 35.17340 35.16660 35.16050 35.15400 35.14580 35.13690 35.13340 35.12870 35.12400 35.11870 35.11280 35.10650 35.09880 35.09130 35.08680 35.08330 35.07940 35.07300 35.06780 35.06280
35.48260 35.47110 35.46410 35.45730 35.44960 35.43510 35.42560 35.41440 35.40300 35.39570 35.38980 35.38210 35.37530 35.36780 35.35820 35.34690 35.33550 35.32850 35.32280 35.31520 35.30840 35.30180 35.29230 35.28130 35.27100 35.26410 35.25840 35.25080 35.24530 35.23810 35.22960 35.21960 35.20950 35.20380 35.19820 35.19180 35.18630 35.18050 35.17300 35.16330 35.15430 35.14900 35.14450 35.13820 35.13370 35.12870 35.12130 35.11270 35.10390 35.10040 35.09590 35.09020 35.08650 35.08110 35.07500 35.06630 35.05860 35.05400 35.05050 35.04580 35.04210 35.03680 35.03070
35.45710 35.44760 35.43970 35.43200 35.42410 35.40540 35.40040 35.38910 35.37960 35.37230 35.36420 35.35670 35.34390 35.33770 35.33210 35.32180 35.31230 35.30520 35.29710 35.28970 35.27810 35.27170 35.26630 35.25610 35.24670 35.24060 35.23250 35.22610 35.21450 35.20910 35.20470 35.19450 35.18610 35.18030 35.17320 35.16700 35.15680 35.15150 35.14720 35.13840 35.12990 35.12540 35.11930 35.11320 35.10420 35.09990 35.09650 35.08780 35.08030 35.07670 35.07070 35.06530 35.05680 35.05240 35.05040 35.04140 35.03500 35.03120 35.02510 35.02080 35.01250 35.00880 35.00580
35.44470 35.43580 35.42870 35.41810 35.41180 35.39590 35.38940 35.37650 35.36850 35.36120 35.35040 35.34390 35.33430 35.32770 35.32120 35.30810 35.30010 35.29390 35.28320 35.27670 35.26690 35.26120 35.25460 35.24210 35.23510 35.22800 35.21850 35.21220 35.20370 35.19780 35.19230 35.18010 35.17320 35.16700 35.15790 35.15290 35.14530 35.13970 35.13430 35.12420 35.11750 35.11260 35.10480 35.09980 35.09220 35.08760 35.08300 35.07330 35.06740 35.06350 35.05550 35.05110 35.04430 35.03970 35.03620 35.02640 35.02150 35.01730 35.00970 35.00610 34.99900 34.99540 34.99190
35.42020 35.40940 35.40210 35.39450 35.38430 35.36830 35.36120 35.35180 35.34110 35.33350 35.32600 35.31680 35.30710 35.30070 35.29340 35.28390 35.27420 35.26640 35.25960 35.24950 35.23970 35.23340 35.22710 35.21760 35.20910 35.20160 35.19490 35.18520 35.17660 35.17130 35.16400 35.15570 35.14710 35.14100 35.13440 35.12620 35.11850 35.11340 35.10720 35.10000 35.09150 35.08680 35.08110 35.07300 35.06550 35.06140 35.05600 35.04900 35.04240 35.03780 35.03190 35.02540 35.01760 35.01430 35.00900 35.00270 34.99530 34.99150 34.98680 34.97920 34.97240 34.96890 34.96470
35.38460 35.37480 35.36820 35.36020 35.35290 35.33510 35.32560 35.31520 35.30650 35.30010 35.29180 35.28470 35.27290 35.26800 35.25930 35.24890 35.24010 35.23330 35.22490 35.21860 35.20680 35.20070 35.19340 35.18310 35.17440 35.16870 35.16030 35.15470 35.14400 35.13890 35.13080 35.12160 35.11400 35.10820 35.10080 35.09550 35.08600 35.08120 35.07430 35.06630 35.05880 35.05410 35.04770 35.04370 35.03430 35.03050 35.02470 35.01660 35.01000 35.00500 34.99850 34.99500 34.98550 34.98260 34.97660 34.96970 34.96410 34.95890 34.95340 34.95000 34.94070 34.93740 34.93220
35.35890 35.34880 35.34080 35.33410 35.32640 35.30940 35.30110 35.28970 35.27990 35.27270 35.26590 35.25830 35.24640 35.24230 35.23380 35.22330 35.21360 35.20610 35.19910 35.19240 35.18060 35.17550 35.16810 35.15750 35.14790 35.14170 35.13450 35.12800 35.11780 35.11380 35.10560 35.09620 35.08760 35.08130 35.07510 35.06970 35.06000 35.05630 35.05030 35.04080 35.03340 35.02720 35.02200 35.01660 35.00820 35.00560 34.99950 34.99110 34.98350 34.97820 34.97380 34.96790 34.96050 34.95770 34.95230 34.94400 34.93740 34.93310 34.92780 34.92280 34.91530 34.91310 34.90700
35.34680 35.33320 35.32670 35.32100 35.31300 35.29910 35.28840 35.27850 35.26500 35.25840 35.25360 35.24570 35.23870 35.23160 35.22060 35.21060 35.19720 35.19050 35.18550 35.17870 35.17160 35.16450 35.15470 35.14470 35.13190 35.12610 35.12180 35.11410 35.10840 35.10250 35.09270 35.08300 35.07130 35.06530 35.06210 35.05560 35.05030 35.04460 35.03620 35.02750 35.01660 35.01180 35.00760 35.00220 34.99790 34.99330 34.98510 34.97730 34.96770 34.96270 34.95920 34.95430 34.94950 34.94580 34.93770 34.93090 34.92030 34.91610 34.91340 34.90770 34.90370 34.89980 34.89280
35.32010 35.30830 35.30330 35.29650 35.28800 35.27210 35.26260 35.25070 35.24000 35.23470 35.22770 35.22020 35.21170 35.20430 35.19480 35.18270 35.17210 35.16670 35.16050 35.15340 35.14490 35.13740 35.12880 35.11710 35.10750 35.10200 35.09580 35.08900 35.08160 35.07530 35.06660 35.05620 35.04660 35.04190 35.03560 35.03000 35.02290 35.01810 35.00930 35.00030 34.99080 34.98720 34.98170 34.97750 34.97140 34.96690 34.95910 34.95040 34.94180 34.93820 34.93350 34.92850 34.92210 34.91820 34.91080 34.90310 34.89580 34.89180 34.88720 34.88310 34.87640 34.87260 34.86650
35.28560 35.27440 35.26770 35.25980 35.25200 35.23980 35.22790 35.21680 35.20540 35.19980 35.19200 35.18430 35.17780 35.17140 35.16050 35.14930 35.13810 35.13350 35.12550 35.11780 35.11110 35.10590 35.09480 35.08470 35.07340 35.06880 35.06110 35.05450 35.04770 35.04290 35.03290 35.02290 35.01290 35.00800 35.00130 34.99500 34.99010 34.98540 34.97680 34.96690 34.95820 34.95440 34.94780 34.94240 34.93770 34.93420 34.92550 34.91660 34.90900 34.90550 34.89990 34.89500 34.89000 34.88580 34.87840 34.87060 34.86240 34.85970 34.85400 34.84880 34.84480 34.84150 34.83340
35.26090 35.25060 35.24460 35.23540 35.22720 35.20930 35.20380 35.19240 35.18300 35.17680 35.16760 35.15940 35.14670 35.14250 35.13660 35.12500 35.11570 35.10940 35.10020 35.09290 35.08160 35.07630 35.06980 35.05930 35.04990 35.04480 35.03680 35.02960 35.01870 35.01450 35.00900 34.99760 34.98920 34.98530 34.97730 34.97110 34.96030 34.95710 34.95200 34.94270 34.93440 34.93080 34.92380 34.91850 34.90890 34.90590 34.90190 34.89270 34.88550 34.88170 34.87570 34.87010 34.86010 34.85770 34.85380 34.84580 34.83950 34.83540 34.82940 34.82460 34.81480 34.81250 34.80930
35.24900 35.24020 35.23480 35.22220 35.21560 35.20080 35.19230 35.17990 35.17140 35.16580 35.15420 35.14740 35.13770 35.13240 35.12470 35.11250 35.10370 35.09820 35.08770 35.08080 35.07100 35.06640 35.05880 35.04650 35.03890 35.03310 35.02300 35.01720 35.00750 35.00300 34.99650 34.98540 34.97790 34.97320 34.96320 34.95840 34.94980 34.94540 34.94020 34.92940 34.92290 34.91920 34.90960 34.90470 34.89710 34.89380 34.88860 34.87900 34.87340 34.86970 34.86120 34.85690 34.84880 34.84530 34.84100 34.83270 34.82600 34.82300 34.81460 34.80990 34.80300 34.79930 34.79480
35.22490 35.21490 35.20780 35.19930 35.18930 35.17280 35.16520 35.15590 35.14590 35.13960 35.13120 35.12150 35.11120 35.10590 35.09820 35.08880 35.07880 35.07230 35.06370 35.05400 35.04470 35.03930 35.03150 35.02290 35.01300 35.00740 34.99990 34.99040 34.98130 34.97690 34.97020 34.96190 34.95290 34.94750 34.94000 34.93180 34.92280 34.91950 34.91290 34.90580 34.89810 34.89300 34.88640 34.87940 34.87130 34.86810 34.86240 34.85510 34.84730 34.84440 34.83790 34.83010 34.82310 34.81960 34.81480 34.80760 34.80070 34.79680 34.79130 34.78340 34.77620 34.77350 34.76760
