GISDATA/zitaBucx_SfASCII.grd
DSAA
71 67
    25.95671898000000160     26.24838588000000070
    44.32533743999999840     44.60033766000000100
34.47410 36.57580
[rows 0 to 27 of 67, columns 0 to 62 of 71]
36.57580 36.56820 36.56370 36.55460 36.54630 36.53530 36.52710 36.52070 36.51330 36.50720 36.49930 36.49120 36.48570 36.48020 36.47190 36.46570 36.45820 36.45220 36.44450 36.43530 36.42970 36.42390 36.41560 36.40860 36.40130 36.39740 36.38980 36.38050 36.37540 36.36970 36.36170 36.35430 36.34810 36.34340 36.33590 36.32750 36.32240 36.31660 36.30980 36.30220 36.29600 36.29110 36.28390 36.27600 36.27070 36.26610 36.25850 36.25190 36.24580 36.24110 36.23470 36.22580 36.22160 36.21610 36.20940 36.20160 36.19540 36.19070 36.18410 36.17630 36.17090 36.16640 36.15880
36.52060 36.51350 36.50840 36.49960 36.49260 36.47950 36.47420 36.46460 36.45750 36.45210 36.44470 36.43790 36.43000 36.42350 36.41800 36.40920 36.40230 36.39710 36.38980 36.38330 36.37480 36.36920 36.36320 36.35400 36.34720 36.34200 36.33460 36.32780 36.31940 36.31390 36.30810 36.29960 36.29280 36.28730 36.28010 36.27450 36.26620 36.26030 36.25440 36.24610 36.23940 36.23510 36.22780 36.22120 36.21450 36.20900 36.20420 36.19510 36.18930 36.18390 36.17750 36.17060 36.16410 36.15850 36.15310 36.14440 36.13850 36.13300 36.12660 36.11970 36.11320 36.10860 36.10200
36.50690 36.49810 36.49150 36.48570 36.47960 36.46880 36.45890 36.45060 36.44180 36.43640 36.43040 36.42340 36.41830 36.41230 36.40380 36.39530 36.38650 36.38120 36.37530 36.36940 36.36330 36.35680 36.34810 36.33890 36.33060 36.32540 36.31930 36.31410 36.30890 36.30210 36.29340 36.28450 36.27600 36.27040 36.26530 36.25940 36.25420 36.24720 36.23960 36.23060 36.22240 36.21780 36.21190 36.20700 36.20210 36.19560 36.18790 36.17910 36.17210 36.16650 36.16130 36.15510 36.15130 36.14460 36.13660 36.12780 36.12070 36.11490 36.10970 36.10370 36.09980 36.09320 36.08510
36.48390 36.47480 36.46870 36.46290 36.45800 36.44310 36.43670 36.42710 36.41920 36.41310 36.40630 36.40130 36.39340 36.38730 36.38100 36.37100 36.36210 36.35650 36.35080 36.34620 36.33890 36.33160 36.32530 36.31460 36.30670 36.30120 36.29550 36.29030 36.28290 36.27530 36.26900 36.25850 36.25140 36.24580 36.24000 36.23540 36.22800 36.22110 36.21510 36.20470 36.19680 36.19230 36.18670 36.18320 36.17600 36.16840 36.16340 36.15330 36.14640 36.14080 36.13610 36.13100 36.12390 36.11690 36.11080 36.10150 36.09370 36.08870 36.08290 36.07910 36.07270 36.06500 36.05960
36.45300 36.44430 36.43640 36.43110 36.42420 36.41350 36.40520 36.39710 36.38760 36.38000 36.37490 36.36820 36.36510 36.35820 36.34860 36.34010 36.33200 36.32470 36.31970 36.31310 36.31010 36.30310 36.29370 36.28370 36.27580 36.26850 36.26340 36.25650 36.25350 36.24700 36.23750 36.22840 36.22070 36.21360 36.20850 36.20180 36.19950 36.19230 36.18270 36.17350 36.16690 36.15980 36.15500 36.14810 36.14620 36.13940 36.13090 36.12170 36.11410 36.10810 36.10310 36.09720 36.09410 36.08760 36.07830 36.06990 36.06240 36.05600 36.05080 36.04510 36.04190 36.03550 36.02640
36.42900 36.42190 36.41500 36.40810 36.40080 36.38620 36.38230 36.37300 36.36590 36.35850 36.35180 36.34560 36.33650 36.33030 36.32600 36.31740 36.31030 36.30310 36.29540 36.28930 36.28090 36.27470 36.26960 36.26060 36.25370 36.24670 36.24000 36.23340 36.22480 36.21860 36.21340 36.20440 36.19740 36.19080 36.18390 36.17770 36.17010 36.16390 36.15870 36.14970 36.14380 36.13730 36.13050 36.12430 36.11680 36.11060 36.10540 36.09760 36.09060 36.08530 36.07850 36.07200 36.06440 36.05800 36.05370 36.04500 36.03890 36.03220 36.02650 36.02000 36.01220 36.00590 36.00170
36.41590 36.41090 36.40370 36.39400 36.38810 36.37450 36.36800 36.35960 36.35450 36.34760 36.33710 36.33160 36.32620 36.31930 36.31260 36.30280 36.29760 36.29060 36.28140 36.27530 36.27010 36.26320 36.25470 36.24580 36.24060 36.23370 36.22440 36.21800 36.21250 36.20570 36.19830 36.18950 36.18410 36.17730 36.16850 36.16270 36.15750 36.15090 36.14350 36.13470 36.12940 36.12380 36.11510 36.10820 36.10300 36.09750 36.09010 36.08120 36.07670 36.07030 36.06240 36.05510 36.04970 36.04420 36.03700 36.02940 36.02370 36.01800 36.00920 36.00310 35.99760 35.99200 35.98490
36.39360 36.38630 36.37920 36.37210 36.36380 36.35020 36.34310 36.33730 36.32870 36.32280 36.31580 36.30720 36.30020 36.29370 36.28670 36.28020 36.27260 36.26660 36.25850 36.24990 36.24400 36.23770 36.23040 36.22280 36.21530 36.20970 36.20170 36.19260 36.18680 36.18050 36.17310 36.16510 36.15770 36.15230 36.14530 36.13750 36.13180 36.12560 36.11830 36.11030 36.10300 36.09740 36.09140 36.08290 36.07720 36.07110 36.06510 36.05690 36.04930 36.04440 36.03750 36.02950 36.02380 36.01780 36.01190 36.00370 35.99710 35.99120 35.98520 35.97650 35.97180 35.96560 35.95980
36.36320 36.35580 36.34870 36.34120 36.33390 36.32070 36.31260 36.30580 36.29950 36.29250 36.28410 36.27790 36.27060 36.26430 36.25680 36.24870 36.24250 36.23540 36.22780 36.22140 36.21320 36.20710 36.19880 36.19130 36.18540 36.17850 36.17070 36.16440 36.15620 36.15010 36.14200 36.13400 36.12770 36.12100 36.11310 36.10680 36.10000 36.09500 36.08700 36.07880 36.07270 36.06600 36.05800 36.05310 36.04640 36.04050 36.03230 36.02520 36.01920 36.01230 36.00520 35.99880 35.99230 35.98730 35.97910 35.97230 35.96610 35.95970 35.95160 35.94660 35.93990 35.93480 35.92630
36.33780 36.33070 36.32320 36.31720 36.30980 36.29450 36.29000 36.28130 36.27300 36.26690 36.26100 36.25380 36.24430 36.23780 36.23290 36.22390 36.21680 36.20920 36.20360 36.19650 36.18780 36.18140 36.17520 36.16550 36.15870 36.15180 36.14620 36.13930 36.13070 36.12340 36.11820 36.10850 36.10140 36.09450 36.08890 36.08170 36.07370 36.06750 36.06220 36.05240 36.04620 36.03920 36.03360 36.02640 36.01860 36.01360 36.00790 35.99870 35.99160 35.98550 35.97970 35.97240 35.96550 35.95910 35.95460 35.94550 35.93950 35.93200 35.92720 35.92000 35.91330 35.90680 35.90220
36.32500 36.31540 36.30850 36.30400 36.29720 36.28450 36.27560 36.26740 36.25890 36.25130 36.24640 36.24090 36.23550 36.22620 36.21790 36.20960 36.20080 36.19420 36.18870 36.18310 36.17790 36.16940 36.16100 36.15130 36.14270 36.13590 36.13120 36.12570 36.12020 36.11100 36.10260 36.09380 36.08520 36.07840 36.07360 36.06770 36.06230 36.05430 36.04600 36.03710 36.02850 36.02140 36.01670 36.01200 36.00670 35.99900 35.99060 35.98190 35.97420 35.96720 35.96240 35.95750 35.95220 35.94430 35.93680 35.92810 35.92060 35.91320 35.90930 35.90350 35.89930 35.89250 35.88430
36.30060 36.29310 36.28520 36.27950 36.27530 36.25990 36.25320 36.24320 36.23560 36.22890 36.22290 36.21750 36.21070 36.20210 36.19520 36.18440 36.17670 36.17030 36.16440 36.15950 36.15290 36.14360 36.13690 36.12560 36.11830 36.11190 36.10600 36.10200 36.09450 36.08510 36.07850 36.06810 36.06050 36.05430 36.04850 36.04360 36.03700 36.02790 36.02110 36.01100 36.00330 35.99690 35.99120 35.98660 35.98010 35.97130 35.96450 35.95560 35.94770 35.94140 35.93660 35.93180 35.92530 35.91740 35.91070 35.90160 35.89400 35.88850 35.88230 35.87850 35.87190 35.86390 35.85860
36.26880 36.26090 36.25330 36.24710 36.24000 36.23020 36.22120 36.21300 36.20360 36.19620 36.19080 36.18280 36.17960 36.17280 36.16300 36.15350 36.14510 36.13790 36.13260 36.12470 36.12170 36.11460 36.10480 36.09480 36.08680 36.07930 36.07400 36.06620 36.06320 36.05580 36.04610 36.03690 36.02790 36.02060 36.01510 36.00800 36.00500 35.99750 35.98790 35.97860 35.97100 35.96350 35.95800 35.95100 35.94780 35.94150 35.93210 35.92290 35.91520 35.90770 35.90320 35.89600 35.89370 35.88620 35.87710 35.86880 35.86130 35.85490 35.84950 35.84350 35.84060 35.83290 35.82490
36.24560 36.23690 36.23090 36.22380 36.21700 36.20210 36.19750 36.18870 36.18090 36.17340 36.16620 36.16020 36.15030 36.14480 36.13960 36.12930 36.12160 36.11520 36.10790 36.10100 36.09150 36.08610 36.08000 36.07020 36.06260 36.05640 36.04830 36.04240 36.03270 36.02720 36.02090 36.01110 36.00350 35.99740 35.99020 35.98400 35.97320 35.96780 35.96220 35.95260 35.94500 35.93920 35.93190 35.92590 35.91690 35.91160 35.90620 35.89680 35.88910 35.88420 35.87670 35.87030 35.86140 35.85610 35.85070 35.84260 35.83510 35.83030 35.82410 35.81770 35.80880 35.80330 35.79900
36.23200 36.22590 36.21950 36.21090 36.20480 36.19200 36.18350 36.17450 36.16900 36.16170 36.15250 36.14720 36.13920 36.13320 36.12530 36.11530 36.10980 36.10330 36.09280 36.08690 36.08000 36.07400 36.06500 36.05550 36.05000 36.04280 36.03360 36.02740 36.01980 36.01380 36.00590 35.99600 35.98940 35.98320 35.97380 35.96710 35.96050 35.95460 35.94700 35.93720 35.93130 35.92400 35.91590 35.90950 35.90280 35.89710 35.88960 35.87970 35.87380 35.86860 35.85940 35.85290 35.84710 35.84150 35.83510 35.82560 35.82110 35.81490 35.80640 35.79990 35.79410 35.78930 35.78210
36.20910 36.20020 36.19520 36.18800 36.17890 36.16630 36.15800 36.15120 36.14300 36.13730 36.12990 36.12020 36.11270 36.10760 36.10030 36.09170 36.08340 36.07910 36.07060 36.06140 36.05370 36.04760 36.04010 36.03070 36.02250 36.01800 36.01090 36.00080 35.99330 35.98830 35.97980 35.97110 35.96290 35.95800 35.94980 35.94040 35.93300 35.92780 35.92020 35.91160 35.90300 35.89810 35.89070 35.88200 35.87490 35.86980 35.86240 35.85400 35.84570 35.84170 35.83450 35.82580 35.81990 35.81470 35.80830 35.80030 35.79280 35.78790 35.78190 35.77280 35.76680 35.76260 35.75630
36.17740 36.16940 36.16310 36.15580 36.14840 36.13390 36.12720 36.11970 36.11160 36.10520 36.09750 36.09010 36.08220 36.07610 36.06790 36.06010 36.05330 36.04590 36.03780 36.03040 36.02240 36.01640 36.00740 35.99890 35.99220 35.98510 35.97700 35.97060 35.96190 35.95590 35.94750 35.93840 35.93140 35.92520 35.91690 35.90930 35.90140 35.89510 35.88620 35.87810 35.87110 35.86510 35.85680 35.85040 35.84280 35.83710 35.82860 35.82090 35.81430 35.80930 35.80120 35.79470 35.78830 35.78240 35.77530 35.76760 35.76190 35.75570 35.74850 35.74310 35.73550 35.73020 35.72310
36.15280 36.14330 36.13770 36.13000 36.12350 36.10850 36.10400 36.09380 36.08540 36.07930 36.07180 36.06510 36.05580 36.04960 36.04500 36.03400 36.02550 36.01900 36.01190 36.00550 35.99610 35.98960 35.98440 35.97330 35.96470 35.95820 35.95080 35.94430 35.93390 35.92860 35.92320 35.91240 35.90390 35.89680 35.89030 35.88280 35.87310 35.86730 35.86140 35.85170 35.84330 35.83550 35.82930 35.82380 35.81480 35.80940 35.80390 35.79480 35.78670 35.78080 35.77490 35.76850 35.76050 35.75510 35.75080 35.74180 35.73470 35.72760 35.72240 35.71670 35.70730 35.70280 35.69830
36.13790 36.12880 36.12290 36.11680 36.11150 36.09770 36.08810 36.07950 36.06980 36.06290 36.05780 36.05160 36.04540 36.03840 36.02860 36.01960 36.00830 36.00240 35.99740 35.99140 35.98500 35.97670 35.96770 35.95860 35.94700 35.94110 35.93520 35.93000 35.92350 35.91520 35.90580 35.89610 35.88550 35.87920 35.87280 35.86740 35.86060 35.85330 35.84360 35.83400 35.82390 35.81790 35.81280 35.80750 35.80110 35.79460 35.78630 35.77800 35.76810 35.76200 35.75820 35.75280 35.74660 35.74110 35.73220 35.72510 35.71630 35.71000 35.70560 35.70060 35.69420 35.68850 35.68060
36.11390 36.10510 36.09840 36.09220 36.08720 36.07180 36.06390 36.05360 36.04480 36.03920 36.03190 36.02760 36.01900 36.01180 36.00430 35.99310 35.98430 35.97780 35.97180 35.96630 35.95910 35.95070 35.94220 35.93210 35.92230 35.91680 35.90970 35.90480 35.89620 35.88780 35.88030 35.86930 35.86040 35.85450 35.84730 35.84190 35.83430 35.82570 35.81710 35.80740 35.79860 35.79330 35.78730 35.78230 35.77500 35.76740 35.75990 35.75160 35.74310 35.73740 35.73170 35.72780 35.72070 35.71410 35.70700 35.69860 35.69100 35.68540 35.68020 35.67570 35.66950 35.66140 35.65540
36.08140 36.07200 36.06410 36.05840 36.05200 36.04120 36.03130 36.02210 36.01180 36.00510 35.99830 35.99190 35.98770 35.98020 35.97090 35.96030 35.95130 35.94380 35.93780 35.93040 35.92640 35.91930 35.90870 35.89900 35.88910 35.88270 35.87560 35.86900 35.86390 35.85650 35.84600 35.83650 35.82740 35.81920 35.81290 35.80640 35.80120 35.79350 35.78440 35.77520 35.76640 35.75970 35.75380 35.74720 35.74320 35.73630 35.72760 35.71850 35.70980 35.70440 35.69850 35.69290 35.68910 35.68330 35.67460 35.66660 35.65790 35.65250 35.64750 35.64190 35.63840 35.63100 35.62320
36.05720 36.04840 36.04180 36.03360 36.02760 36.01240 36.00690 35.99730 35.98930 35.98170 35.97450 35.96740 35.95780 35.95150 35.94650 35.93540 35.92770 35.92010 35.91290 35.90580 35.89560 35.88930 35.88370 35.87270 35.86500 35.85760 35.85040 35.84300 35.83260 35.82720 35.82060 35.81050 35.80160 35.79530 35.78790 35.78060 35.77020 35.76500 35.75950 35.74920 35.74160 35.73520 35.72800 35.72170 35.71170 35.70650 35.70250 35.69320 35.68580 35.67950 35.67350 35.66720 35.65840 35.65320 35.64940 35.64130 35.63400 35.62840 35.62230 35.61700 35.60820 35.60340 35.59910
36.04290 36.03650 36.03010 36.01970 36.01450 36.00040 35.99220 35.98250 35.97690 35.96950 35.95950 35.95330 35.94560 35.93910 35.93150 35.92040 35.91470 35.90730 35.89750 35.89050 35.88290 35.87620 35.86810 35.85710 35.85110 35.84390 35.83420 35.82670 35.81920 35.81250 35.80450 35.79360 35.78740 35.78020 35.77050 35.76410 35.75590 35.75040 35.74300 35.73320 35.72740 35.72130 35.71200 35.70580 35.69840 35.69300 35.68560 35.67590 35.67120 35.66510 35.65590 35.65090 35.64380 35.63950 35.63310 35.62380 35.61920 35.61390 35.60540 35.60040 35.59400 35.58920 35.58290
36.01910 36.01100 36.00440 35.99640 35.98750 35.97360 35.96560 35.95810 35.94850 35.94330 35.93520 35.92630 35.91760 35.91230 35.90410 35.89570 35.88620 35.88100 35.87300 35.86360 35.85500 35.84940 35.84110 35.83220 35.82270 35.81740 35.80920 35.79960 35.79110 35.78550 35.77720 35.76860 35.75910 35.75390 35.74580 35.73670 35.72940 35.72420 35.71600 35.70780 35.69960 35.69400 35.68730 35.67830 35.67110 35.66580 35.65940 35.65160 35.64340 35.63910 35.63260 35.62450 35.61730 35.61310 35.60590 35.59910 35.59190 35.58740 35.58190 35.57380 35.56740 35.56280 35.55640
35.98610 35.97770 35.97130 35.96350 35.95640 35.94130 35.93290 35.92490 35.91650 35.91010 35.90190 35.89530 35.88580 35.88010 35.87080 35.86240 35.85410 35.84680 35.83910 35.83130 35.82290 35.81610 35.80750 35.79790 35.78950 35.78320 35.77410 35.76710 35.75790 35.75210 35.74270 35.73460 35.72640 35.72040 35.71270 35.70500 35.69710 35.69130 35.68330 35.67450 35.66720 35.66130 35.65370 35.64670 35.63950 35.63380 35.62590 35.61820 35.61240 35.60640 35.59990 35.59310 35.58600 35.58040 35.57370 35.56710 35.56100 35.55560 35.54920 35.54310 35.53570 35.53070 35.52390
35.95990 35.95070 35.94470 35.93750 35.93040 35.91290 35.90840 35.89760 35.88940 35.88210 35.87590 35.86790 35.85810 35.85160 35.84630 35.83520 35.82580 35.81880 35.81160 35.80460 35.79370 35.78810 35.78150 35.77030 35.76190 35.75380 35.74750 35.73960 35.73020 35.72350 35.71810 35.70730 35.69920 35.69130 35.68550 35.67870 35.66890 35.66300 35.65800 35.64840 35.64030 35.63330 35.62720 35.62040 35.61110 35.60560 35.60050 35.59220 35.58400 35.57820 35.57210 35.56650 35.55720 35.55270 35.54890 35.54090 35.53280 35.52680 35.52170 35.51570 35.50800 35.50300 35.49910
35.94610 35.93510 35.92800 35.92330 35.91570 35.90270 35.89250 35.88350 35.87210 35.86590 35.86020 35.85370 35.84690 35.83920 35.82960 35.81950 35.80820 35.80100 35.79620 35.78870 35.78170 35.77470 35.76390 35.75490 35.74280 35.73570 35.73100 35.72380 35.71790 35.71030 35.70080 35.69110 35.68020 35.67340 35.66880 35.66260 35.65580 35.64940 35.64040 35.63170 35.62110 35.61530 35.61050 35.60410 35.59830 35.59190 35.58370 35.57540 35.56490 35.56010 35.55520 35.54960 35.54480 35.53950 35.53050 35.52330 35.51400 35.50870 35.50490 35.49900 35.49440 35.48960 35.48200
35.91920 35.91000 35.90320 35.89620 35.89060 35.87390 35.86650 35.85620 35.84720 35.84020 35.83410 35.82760 35.81880 35.81070 35.80220 35.79200 35.78190 35.77500 35.76910 35.76230 35.75360 35.74540 35.73680 35.72640 35.71680 35.71010 35.70460 35.69810 35.69070 35.68190 35.67450 35.66320 35.65460 35.64790 35.64220 35.63680 35.62850 35.62090 35.61360 35.60380 35.59520 35.58970 35.58390 35.57840 35.57100 35.56440 35.55720 35.54730 35.53970 35.53430 35.52950 35.52500 35.51740 35.51100 35.50500 35.49610 35.48860 35.48400 35.47940 35.47490 35.46870 35.46290 35.45720
